0 0 4.211867862074221e-19
0 1 3.9591135610179015e-20
0 2 3.230367663898992e-20
0 3 1.7474580967078016e-20
0 4 8.332459188135988e-21
0 5 3.3367824535430827e-21
0 6 1.5081142943134454e-21
0 7 5.583520629562264e-22
0 8 2.5095090804476767e-22
0 9 8.775575734604323e-23
0 10 4.991348112083334e-23
0 11 3.420917346138479e-23
0 12 1.79306648733284e-23
0 13 7.666971579756304e-24
0 14 2.6553806930758746e-24
0 15 1.648349237869369e-24
0 16 1.1608382080975012e-24
0 17 3.455455571744449e-25
0 18 2.966257194214116e-26
0 19 -1.6579677450042292e-26
0 20 -3.004137332843246e-26
0 21 -2.1682724117519996e-26
0 22 -5.267598148718855e-27
0 23 -5.525009094309197e-27
0 24 -7.684745062303341e-28
0 25 -7.085723458451423e-28
0 26 -4.3493333386097515e-28
0 27 3.6059164704752014e-28
0 28 5.116038352871979e-28
0 29 1.5513485940917963e-28
0 30 1.0467992858575234e-28
0 31 5.743382830620423e-29
0 32 2.5158495733508008e-29
0 33 5.743382830620423e-29
0 34 1.0467992858575234e-28
0 35 1.5513485940917963e-28
0 36 5.116038352871979e-28
0 37 3.6059164704752014e-28
0 38 -4.3493333386097515e-28
0 39 -7.085723458451423e-28
0 40 -7.684745062303341e-28
0 41 -5.525009094309197e-27
0 42 -5.267598148718855e-27
0 43 -2.1682724117519996e-26
0 44 -3.004137332843246e-26
0 45 -1.6579677450042292e-26
0 46 2.966257194214116e-26
0 47 3.455455571744449e-25
0 48 1.1608382080975012e-24
0 49 1.648349237869369e-24
0 50 2.6553806930758746e-24
0 51 7.666971579756304e-24
0 52 1.79306648733284e-23
0 53 3.420917346138479e-23
0 54 4.991348112083334e-23
0 55 8.775575734604323e-23
0 56 2.5095090804476767e-22
0 57 5.583520629562264e-22
0 58 1.5081142943134454e-21
0 59 3.3367824535430827e-21
0 60 8.332459188135986e-21
0 61 1.7474580967078013e-20
0 62 3.230367663898991e-20
0 63 3.9591135610179015e-20
1 0 3.9591135610179015e-20
1 1 8.273747408464438e-20
1 2 3.022071344592948e-20
1 3 1.4603220331403812e-20
1 4 6.908543135559713e-21
1 5 2.9174119106103258e-21
1 6 1.238171749238384e-21
1 7 5.537186904452747e-22
1 8 2.2723823815586484e-22
1 9 1.062225118767403e-22
1 10 5.105234299694919e-23
1 11 2.567672837165044e-23
1 12 1.0567107489650849e-23
1 13 4.564573235258209e-24
1 14 1.9627437758660396e-24
1 15 9.632303905586038e-25
1 16 4.715531272143037e-25
1 17 2.1032805808020346e-25
1 18 1.0924572548101864e-25
1 19 4.489713798901303e-26
1 20 1.1680163323644567e-26
1 21 8.938403322298675e-27
1 22 4.87327584055812e-27
1 23 3.217805302607263e-27
1 24 7.017533694729308e-28
1 25 5.027954264112071e-28
1 26 2.36576234677833e-28
1 27 9.394680850881627e-29
1 28 -4.0151532454188505e-30
1 29 -8.199488932322179e-29
1 30 -7.881883106336343e-29
1 31 -6.287791573777509e-29
1 32 -3.224880900478662e-29
1 33 -6.287791573777509e-29
1 34 -7.881883106336343e-29
1 35 -8.199488932322179e-29
1 36 -4.0151532454188505e-30
1 37 9.394680850881627e-29
1 38 2.36576234677833e-28
1 39 5.027954264112071e-28
1 40 7.017533694729308e-28
1 41 3.217805302607263e-27
1 42 4.87327584055812e-27
1 43 8.938403322298675e-27
1 44 1.1680163323644567e-26
1 45 4.489713798901303e-26
1 46 1.0924572548101864e-25
1 47 2.1032805808020346e-25
1 48 4.715531272143037e-25
1 49 9.632303905586038e-25
1 50 1.9627437758660396e-24
1 51 4.564573235258209e-24
1 52 1.0567107489650849e-23
1 53 2.567672837165044e-23
1 54 5.105234299694919e-23
1 55 1.062225118767403e-22
1 56 2.2723823815586484e-22
1 57 5.537186904452747e-22
1 58 1.238171749238384e-21
1 59 2.9174119106103258e-21
1 60 6.908543135559716e-21
1 61 1.460322033140381e-20
1 62 3.0220713445929464e-20
1 63 8.273747408464442e-20
2 0 3.230367663898992e-20
2 1 3.022071344592948e-20
2 2 1.506892807854766e-20
2 3 7.118423727044366e-21
2 4 3.3476678940843894e-21
2 5 1.3680269521957476e-21
2 6 5.8963612904095865e-22
2 7 2.5170739032977155e-22
2 8 1.0381123687299326e-22
2 9 4.603879835495335e-23
2 10 2.3377064425433448e-23
2 11 1.2191401876773706e-23
2 12 5.0675409184886785e-24
2 13 1.9391999441256135e-24
2 14 8.482994639904423e-25
2 15 4.782596243933085e-25
2 16 2.67586407843184e-25
2 17 1.1232535978527308e-25
2 18 4.710172027437559e-26
2 19 1.5068997991717365e-26
2 20 1.651011919330967e-27
2 21 -1.3744231926386992e-27
2 22 8.662194136602672e-28
2 23 7.478627544587607e-28
2 24 4.933619610149617e-28
2 25 3.721189032103254e-28
2 26 1.6850009021977948e-28
2 27 1.233380612641829e-28
2 28 5.700526066257414e-29
2 29 7.805348395136861e-30
2 30 1.418728167635545e-29
2 31 9.399521697087498e-30
2 32 1.4186298709184857e-29
2 33 9.399521697087498e-30
2 34 1.418728167635545e-29
2 35 7.805348395136861e-30
2 36 5.700526066257414e-29
2 37 1.233380612641829e-28
2 38 1.6850009021977948e-28
2 39 3.721189032103254e-28
2 40 4.933619610149617e-28
2 41 7.478627544587607e-28
2 42 8.662194136602672e-28
2 43 -1.3744231926386992e-27
2 44 1.651011919330967e-27
2 45 1.5068997991717365e-26
2 46 4.710172027437559e-26
2 47 1.1232535978527308e-25
2 48 2.67586407843184e-25
2 49 4.782596243933085e-25
2 50 8.482994639904423e-25
2 51 1.9391999441256135e-24
2 52 5.0675409184886785e-24
2 53 1.2191401876773706e-23
2 54 2.3377064425433448e-23
2 55 4.603879835495335e-23
2 56 1.0381123687299326e-22
2 57 2.5170739032977155e-22
2 58 5.8963612904095865e-22
2 59 1.3680269521957476e-21
2 60 3.3476678940843876e-21
2 61 7.11842372704437e-21
2 62 1.506892807854766e-20
2 63 3.0220713445929464e-20
3 0 1.7474580967078016e-20
3 1 1.4603220331403812e-20
3 2 7.118423727044366e-21
3 3 4.3825712017766706e-21
3 4 2.1138331918773388e-21
3 5 8.952900105024347e-22
3 6 3.7652410735599163e-22
3 7 1.5388619217229192e-22
3 8 6.509553321400387e-23
3 9 2.967314725457311e-23
3 10 1.5371094083994674e-23
3 11 7.613735960646078e-24
3 12 3.080293515227888e-24
3 13 1.2672606001205963e-24
3 14 4.987649742705064e-25
3 15 2.666288372972745e-25
3 16 1.4194161556627869e-25
3 17 4.679711872534745e-26
3 18 1.116331708469414e-26
3 19 1.3776342974849994e-27
3 20 -3.4156952258641954e-27
3 21 -3.513154954776892e-27
3 22 -1.4502246188722376e-27
3 23 -5.462241870535758e-28
3 24 -1.4628499990842762e-28
3 25 2.1712925906771707e-29
3 26 4.2020817861397095e-29
3 27 5.962570123030742e-29
3 28 3.324458848604226e-29
3 29 -5.872107098266917e-31
3 30 -1.796100141360931e-30
3 31 2.9606864677904087e-30
3 32 2.9734621078983847e-30
3 33 2.9606864677904087e-30
3 34 -1.796100141360931e-30
3 35 -5.872107098266917e-31
3 36 3.324458848604226e-29
3 37 5.962570123030742e-29
3 38 4.2020817861397095e-29
3 39 2.1712925906771707e-29
3 40 -1.4628499990842762e-28
3 41 -5.462241870535758e-28
3 42 -1.4502246188722376e-27
3 43 -3.513154954776892e-27
3 44 -3.4156952258641954e-27
3 45 1.3776342974849994e-27
3 46 1.116331708469414e-26
3 47 4.679711872534745e-26
3 48 1.4194161556627869e-25
3 49 2.666288372972745e-25
3 50 4.987649742705064e-25
3 51 1.2672606001205963e-24
3 52 3.080293515227888e-24
3 53 7.613735960646078e-24
3 54 1.5371094083994674e-23
3 55 2.967314725457311e-23
3 56 6.509553321400387e-23
3 57 1.5388619217229192e-22
3 58 3.7652410735599163e-22
3 59 8.952900105024347e-22
3 60 2.1138331918773384e-21
3 61 4.382571201776669e-21
3 62 7.11842372704437e-21
3 63 1.460322033140381e-20
4 0 8.332459188135988e-21
4 1 6.908543135559713e-21
4 2 3.3476678940843894e-21
4 3 2.1138331918773388e-21
4 4 1.1584069133698469e-21
4 5 4.743537915636942e-22
4 6 2.0747587567825412e-22
4 7 8.797192148851168e-23
4 8 3.790460870106254e-23
4 9 1.699096428988675e-23
4 10 8.519407144027795e-24
4 11 4.146379731818037e-24
4 12 1.6685806470877058e-24
4 13 6.997681670463445e-25
4 14 2.82851511723244e-25
4 15 1.395383758472058e-25
4 16 7.570970721374587e-26
4 17 2.3335165936292778e-26
4 18 4.918922480688246e-27
4 19 1.138728542619558e-28
4 20 -2.1822560053617636e-27
4 21 -1.974854802291393e-27
4 22 -8.674005245453194e-28
4 23 -4.275917641503569e-28
4 24 -1.8264356951213329e-28
4 25 -4.735213765718016e-29
4 26 -1.668273235019874e-31
4 27 1.554245218472496e-29
4 28 7.496150318635856e-30
4 29 -5.662712720435421e-30
4 30 -3.524622399218534e-30
4 31 1.8756436413643804e-31
4 32 8.35557466375378e-31
4 33 1.8756436413643804e-31
4 34 -3.524622399218534e-30
4 35 -5.662712720435421e-30
4 36 7.496150318635856e-30
4 37 1.554245218472496e-29
4 38 -1.668273235019874e-31
4 39 -4.735213765718016e-29
4 40 -1.8264356951213329e-28
4 41 -4.275917641503569e-28
4 42 -8.674005245453194e-28
4 43 -1.974854802291393e-27
4 44 -2.1822560053617636e-27
4 45 1.138728542619558e-28
4 46 4.918922480688246e-27
4 47 2.3335165936292778e-26
4 48 7.570970721374587e-26
4 49 1.395383758472058e-25
4 50 2.82851511723244e-25
4 51 6.997681670463445e-25
4 52 1.6685806470877058e-24
4 53 4.146379731818037e-24
4 54 8.519407144027795e-24
4 55 1.699096428988675e-23
4 56 3.790460870106254e-23
4 57 8.797192148851168e-23
4 58 2.0747587567825412e-22
4 59 4.743537915636942e-22
4 60 1.1584069133698467e-21
4 61 2.1138331918773384e-21
4 62 3.3476678940843876e-21
4 63 6.908543135559716e-21
5 0 3.3367824535430827e-21
5 1 2.9174119106103258e-21
5 2 1.3680269521957476e-21
5 3 8.952900105024347e-22
5 4 4.743537915636942e-22
5 5 2.2400199049670207e-22
5 6 1.0229776989810374e-22
5 7 4.386793742631956e-23
5 8 1.937176239022743e-23
5 9 8.786523518030588e-24
5 10 4.411615047966675e-24
5 11 2.133782226079271e-24
5 12 9.11603425643538e-25
5 13 4.0965807194776564e-25
5 14 1.744893233553175e-25
5 15 8.923897126046111e-26
5 16 4.5755265463696706e-26
5 17 1.7494002174335514e-26
5 18 6.260140416323484e-27
5 19 1.9354519638763266e-27
5 20 1.0923834181117996e-28
5 21 -3.8138389742979892e-28
5 22 -1.7484405244457438e-28
5 23 -3.64178477522096e-29
5 24 -3.825706567425774e-29
5 25 -2.269325976228098e-30
5 26 1.307040506213117e-29
5 27 1.6415952359569464e-29
5 28 1.1007110113443027e-29
5 29 3.320615224511757e-30
5 30 2.2818287287045776e-30
5 31 3.1766444624443144e-30
5 32 3.684893574712882e-30
5 33 3.1766444624443144e-30
5 34 2.2818287287045776e-30
5 35 3.320615224511757e-30
5 36 1.1007110113443027e-29
5 37 1.6415952359569464e-29
5 38 1.307040506213117e-29
5 39 -2.269325976228098e-30
5 40 -3.825706567425774e-29
5 41 -3.64178477522096e-29
5 42 -1.7484405244457438e-28
5 43 -3.8138389742979892e-28
5 44 1.0923834181117996e-28
5 45 1.9354519638763266e-27
5 46 6.260140416323484e-27
5 47 1.7494002174335514e-26
5 48 4.5755265463696706e-26
5 49 8.923897126046111e-26
5 50 1.744893233553175e-25
5 51 4.0965807194776564e-25
5 52 9.11603425643538e-25
5 53 2.133782226079271e-24
5 54 4.411615047966675e-24
5 55 8.786523518030588e-24
5 56 1.937176239022743e-23
5 57 4.386793742631956e-23
5 58 1.0229776989810374e-22
5 59 2.2400199049670207e-22
5 60 4.743537915636943e-22
5 61 8.952900105024345e-22
5 62 1.3680269521957478e-21
5 63 2.9174119106103243e-21
6 0 1.5081142943134454e-21
6 1 1.238171749238384e-21
6 2 5.8963612904095865e-22
6 3 3.7652410735599163e-22
6 4 2.0747587567825412e-22
6 5 1.0229776989810374e-22
6 6 5.366259139112526e-23
6 7 2.4051711474606538e-23
6 8 1.1146737230075584e-23
6 9 5.040476067790392e-24
6 10 2.4877859859547705e-24
6 11 1.1851517719279179e-24
6 12 5.264779011606981e-25
6 13 2.3134472004922422e-25
6 14 1.0055773665469101e-25
6 15 5.0172603724928027e-26
6 16 2.489287455554876e-26
6 17 9.990119671872742e-27
6 18 3.823656434359477e-27
6 19 1.3164577125549537e-27
6 20 3.261748608785903e-28
6 21 -7.524068109427194e-29
6 22 -5.050138230787072e-29
6 23 -1.042373719729518e-31
6 24 -2.765432692628491e-29
6 25 -1.1511543784150683e-29
6 26 1.7940856167682733e-30
6 27 5.550330383998238e-30
6 28 4.0304674844499266e-30
6 29 1.0128483724162629e-30
6 30 6.0020853189459185e-31
6 31 6.802854197191005e-31
6 32 1.0727348262617266e-30
6 33 6.802854197191005e-31
6 34 6.0020853189459185e-31
6 35 1.0128483724162629e-30
6 36 4.0304674844499266e-30
6 37 5.550330383998238e-30
6 38 1.7940856167682733e-30
6 39 -1.1511543784150683e-29
6 40 -2.765432692628491e-29
6 41 -1.042373719729518e-31
6 42 -5.050138230787072e-29
6 43 -7.524068109427194e-29
6 44 3.261748608785903e-28
6 45 1.3164577125549537e-27
6 46 3.823656434359477e-27
6 47 9.990119671872742e-27
6 48 2.489287455554876e-26
6 49 5.0172603724928027e-26
6 50 1.0055773665469101e-25
6 51 2.3134472004922422e-25
6 52 5.264779011606981e-25
6 53 1.1851517719279179e-24
6 54 2.4877859859547705e-24
6 55 5.040476067790392e-24
6 56 1.1146737230075584e-23
6 57 2.4051711474606538e-23
6 58 5.366259139112526e-23
6 59 1.0229776989810374e-22
6 60 2.0747587567825428e-22
6 61 3.7652410735599167e-22
6 62 5.896361290409587e-22
6 63 1.2381717492383837e-21
7 0 5.583520629562264e-22
7 1 5.537186904452747e-22
7 2 2.5170739032977155e-22
7 3 1.5388619217229192e-22
7 4 8.797192148851168e-23
7 5 4.386793742631956e-23
7 6 2.4051711474606538e-23
7 7 1.2143226327529705e-23
7 8 5.639449531780801e-24
7 9 2.569870419417072e-24
7 10 1.2389934316352617e-24
7 11 6.001754469192261e-25
7 12 2.6241600231445763e-25
7 13 1.2016705505041588e-25
7 14 5.492527076771497e-26
7 15 2.7042883343610793e-26
7 16 1.3797221928347386e-26
7 17 5.558420843390963e-27
7 18 2.227544261800869e-27
7 19 7.587425021738535e-28
7 20 2.4460660262953694e-28
7 21 5.693610342040751e-30
7 22 -8.078802768444535e-30
7 23 2.7586194747463426e-30
7 24 -1.482950284293357e-29
7 25 -6.028236080234126e-30
7 26 -1.0524704351502336e-30
7 27 1.3344525287484145e-30
7 28 9.196748807407864e-31
7 29 1.4720369584668614e-31
7 30 3.873803883726184e-32
7 31 -8.370732248010658e-33
7 32 2.9587583951203963e-31
7 33 -8.370732248010658e-33
7 34 3.873803883726184e-32
7 35 1.4720369584668614e-31
7 36 9.196748807407864e-31
7 37 1.3344525287484145e-30
7 38 -1.0524704351502336e-30
7 39 -6.028236080234126e-30
7 40 -1.482950284293357e-29
7 41 2.7586194747463426e-30
7 42 -8.078802768444535e-30
7 43 5.693610342040751e-30
7 44 2.4460660262953694e-28
7 45 7.587425021738535e-28
7 46 2.227544261800869e-27
7 47 5.558420843390963e-27
7 48 1.3797221928347386e-26
7 49 2.7042883343610793e-26
7 50 5.492527076771497e-26
7 51 1.2016705505041588e-25
7 52 2.6241600231445763e-25
7 53 6.001754469192261e-25
7 54 1.2389934316352617e-24
7 55 2.569870419417072e-24
7 56 5.639449531780801e-24
7 57 1.2143226327529705e-23
7 58 2.4051711474606538e-23
7 59 4.386793742631956e-23
7 60 8.797192148851168e-23
7 61 1.538861921722919e-22
7 62 2.5170739032977164e-22
7 63 5.537186904452747e-22
8 0 2.5095090804476767e-22
8 1 2.2723823815586484e-22
8 2 1.0381123687299326e-22
8 3 6.509553321400387e-23
8 4 3.790460870106254e-23
8 5 1.937176239022743e-23
8 6 1.1146737230075584e-23
8 7 5.639449531780801e-24
8 8 2.9508749610385375e-24
8 9 1.3748277402568067e-24
8 10 6.708205769913676e-25
8 11 3.1958767699287506e-25
8 12 1.448119089251279e-25
8 13 6.729034193280304e-26
8 14 2.9928362939466617e-26
8 15 1.489599865152456e-26
8 16 7.6068694817307e-27
8 17 3.104774077277221e-27
8 18 1.2425708076838828e-27
8 19 4.374876849911418e-28
8 20 1.2459284715470097e-28
8 21 -5.8279523183089586e-30
8 22 -1.2589473959985086e-29
8 23 -9.300943694907107e-30
8 24 -1.1503913354093493e-29
8 25 -5.23756932673239e-30
8 26 -1.3361151347725694e-30
8 27 2.1077702811870393e-32
8 28 3.1171986843133618e-31
8 29 8.514477337509234e-32
8 30 -3.563174521669158e-32
8 31 -5.781834596653152e-32
8 32 1.0178555842441405e-31
8 33 -5.781834596653152e-32
8 34 -3.563174521669158e-32
8 35 8.514477337509234e-32
8 36 3.1171986843133618e-31
8 37 2.1077702811870393e-32
8 38 -1.3361151347725694e-30
8 39 -5.23756932673239e-30
8 40 -1.1503913354093493e-29
8 41 -9.300943694907107e-30
8 42 -1.2589473959985086e-29
8 43 -5.8279523183089586e-30
8 44 1.2459284715470097e-28
8 45 4.374876849911418e-28
8 46 1.2425708076838828e-27
8 47 3.104774077277221e-27
8 48 7.6068694817307e-27
8 49 1.489599865152456e-26
8 50 2.9928362939466617e-26
8 51 6.729034193280304e-26
8 52 1.448119089251279e-25
8 53 3.1958767699287506e-25
8 54 6.708205769913676e-25
8 55 1.3748277402568067e-24
8 56 2.9508749610385375e-24
8 57 5.639449531780801e-24
8 58 1.1146737230075584e-23
8 59 1.937176239022743e-23
8 60 3.790460870106252e-23
8 61 6.509553321400387e-23
8 62 1.0381123687299329e-22
8 63 2.272382381558648e-22
9 0 8.775575734604323e-23
9 1 1.062225118767403e-22
9 2 4.603879835495335e-23
9 3 2.967314725457311e-23
9 4 1.699096428988675e-23
9 5 8.786523518030588e-24
9 6 5.040476067790392e-24
9 7 2.569870419417072e-24
9 8 1.3748277402568067e-24
9 9 7.1206915425289305e-25
9 10 3.4830818070563103e-25
9 11 1.6440645850230688e-25
9 12 7.49710571857493e-26
9 13 3.519911732557213e-26
9 14 1.5228495101389235e-26
9 15 7.788879542505532e-27
9 16 4.0027712169892394e-27
9 17 1.686826564877507e-27
9 18 6.702429814549562e-28
9 19 2.5733741724470017e-28
9 20 8.625122556504982e-29
9 21 9.38007226431672e-30
9 22 -1.6229715077585694e-30
9 23 -8.47442267812776e-31
9 24 -2.9862528171398026e-30
9 25 -9.999842901043933e-31
9 26 -7.776105395109499e-32
9 27 1.627349641665866e-31
9 28 3.01310963459785e-31
9 29 1.1790962891019878e-31
9 30 2.228935833557254e-32
9 31 3.081460727391113e-32
9 32 1.2922351138057153e-31
9 33 3.081460727391113e-32
9 34 2.228935833557254e-32
9 35 1.1790962891019878e-31
9 36 3.01310963459785e-31
9 37 1.627349641665866e-31
9 38 -7.776105395109499e-32
9 39 -9.999842901043933e-31
9 40 -2.9862528171398026e-30
9 41 -8.47442267812776e-31
9 42 -1.6229715077585694e-30
9 43 9.38007226431672e-30
9 44 8.625122556504982e-29
9 45 2.5733741724470017e-28
9 46 6.702429814549562e-28
9 47 1.686826564877507e-27
9 48 4.0027712169892394e-27
9 49 7.788879542505532e-27
9 50 1.5228495101389235e-26
9 51 3.519911732557213e-26
9 52 7.49710571857493e-26
9 53 1.6440645850230688e-25
9 54 3.4830818070563103e-25
9 55 7.1206915425289305e-25
9 56 1.3748277402568067e-24
9 57 2.569870419417072e-24
9 58 5.040476067790392e-24
9 59 8.786523518030588e-24
9 60 1.699096428988675e-23
9 61 2.9673147254573096e-23
9 62 4.6038798354953327e-23
9 63 1.0622251187674033e-22
10 0 4.991348112083334e-23
10 1 5.105234299694919e-23
10 2 2.3377064425433448e-23
10 3 1.5371094083994674e-23
10 4 8.519407144027795e-24
10 5 4.411615047966675e-24
10 6 2.4877859859547705e-24
10 7 1.2389934316352617e-24
10 8 6.708205769913676e-25
10 9 3.4830818070563103e-25
10 10 1.8560993936850224e-25
10 11 8.955277593983555e-26
10 12 4.0993915719967815e-26
10 13 1.8943890158178023e-26
10 14 7.877365585256412e-27
10 15 4.078693277399459e-27
10 16 2.038083644458354e-27
10 17 8.243597244059238e-28
10 18 3.039776455871068e-28
10 19 1.1199211231316358e-28
10 20 3.3438677703073417e-29
10 21 -9.853818830895991e-31
10 22 -3.773404028680497e-30
10 23 -1.832559234660146e-30
10 24 -2.384884837828299e-30
10 25 -9.340884945232768e-31
10 26 -3.9372545404585295e-31
10 27 1.3217702454714546e-32
10 28 1.9457236939334552e-31
10 29 1.3801449545496079e-31
10 30 9.583455182730148e-32
10 31 1.0574715333715276e-31
10 32 1.516557527953504e-31
10 33 1.0574715333715276e-31
10 34 9.583455182730148e-32
10 35 1.3801449545496079e-31
10 36 1.9457236939334552e-31
10 37 1.3217702454714546e-32
10 38 -3.9372545404585295e-31
10 39 -9.340884945232768e-31
10 40 -2.384884837828299e-30
10 41 -1.832559234660146e-30
10 42 -3.773404028680497e-30
10 43 -9.853818830895991e-31
10 44 3.3438677703073417e-29
10 45 1.1199211231316358e-28
10 46 3.039776455871068e-28
10 47 8.243597244059238e-28
10 48 2.038083644458354e-27
10 49 4.078693277399459e-27
10 50 7.877365585256412e-27
10 51 1.8943890158178023e-26
10 52 4.0993915719967815e-26
10 53 8.955277593983555e-26
10 54 1.8560993936850224e-25
10 55 3.4830818070563103e-25
10 56 6.708205769913676e-25
10 57 1.2389934316352617e-24
10 58 2.4877859859547705e-24
10 59 4.411615047966675e-24
10 60 8.519407144027793e-24
10 61 1.537109408399468e-23
10 62 2.3377064425433445e-23
10 63 5.1052342996949174e-23
11 0 3.420917346138479e-23
11 1 2.567672837165044e-23
11 2 1.2191401876773706e-23
11 3 7.613735960646078e-24
11 4 4.146379731818037e-24
11 5 2.133782226079271e-24
11 6 1.1851517719279179e-24
11 7 6.001754469192261e-25
11 8 3.1958767699287506e-25
11 9 1.6440645850230688e-25
11 10 8.955277593983555e-26
11 11 4.69788447932005e-26
11 12 2.1298614432015697e-26
11 13 1.0030861809746603e-26
11 14 4.2945503066957784e-27
11 15 2.223445251374017e-27
11 16 1.1001848880165555e-27
11 17 4.335742462356943e-28
11 18 1.629918049899232e-28
11 19 5.378968446391369e-29
11 20 1.2269803255838367e-29
11 21 -1.84842583060987e-30
11 22 -1.7468465832111112e-30
11 23 -3.429101706091855e-31
11 24 -7.140853386042228e-31
11 25 -2.9676976513617946e-31
11 26 -1.7926434019360933e-31
11 27 5.319552335335052e-32
11 28 1.2842224788590034e-31
11 29 9.034823868891062e-32
11 30 6.42735308032078e-32
11 31 6.120060914075793e-32
11 32 7.629964313048064e-32
11 33 6.120060914075793e-32
11 34 6.42735308032078e-32
11 35 9.034823868891062e-32
11 36 1.2842224788590034e-31
11 37 5.319552335335052e-32
11 38 -1.7926434019360933e-31
11 39 -2.9676976513617946e-31
11 40 -7.140853386042228e-31
11 41 -3.429101706091855e-31
11 42 -1.7468465832111112e-30
11 43 -1.84842583060987e-30
11 44 1.2269803255838367e-29
11 45 5.378968446391369e-29
11 46 1.629918049899232e-28
11 47 4.335742462356943e-28
11 48 1.1001848880165555e-27
11 49 2.223445251374017e-27
11 50 4.2945503066957784e-27
11 51 1.0030861809746603e-26
11 52 2.1298614432015697e-26
11 53 4.69788447932005e-26
11 54 8.955277593983555e-26
11 55 1.6440645850230688e-25
11 56 3.1958767699287506e-25
11 57 6.001754469192261e-25
11 58 1.1851517719279179e-24
11 59 2.133782226079271e-24
11 60 4.1463797318180364e-24
11 61 7.61373596064608e-24
11 62 1.2191401876773703e-23
11 63 2.567672837165045e-23
12 0 1.79306648733284e-23
12 1 1.0567107489650849e-23
12 2 5.0675409184886785e-24
12 3 3.080293515227888e-24
12 4 1.6685806470877058e-24
12 5 9.11603425643538e-25
12 6 5.264779011606981e-25
12 7 2.6241600231445763e-25
12 8 1.448119089251279e-25
12 9 7.49710571857493e-26
12 10 4.0993915719967815e-26
12 11 2.1298614432015697e-26
12 12 1.111855641994381e-26
12 13 5.4969223349321185e-27
12 14 2.4437393779761303e-27
12 15 1.2677429741558471e-27
12 16 6.2019816347295e-28
12 17 2.6450425119299343e-28
12 18 1.0295523762121254e-28
12 19 3.749493529395424e-29
12 20 1.2381386942796667e-29
12 21 2.724830699698773e-30
12 22 1.0483283521763989e-30
12 23 6.0183438891897185e-31
12 24 -1.3381459779671307e-31
12 25 -1.8022706428147883e-31
12 26 -1.3568604558046894e-31
12 27 -7.353277254846958e-33
12 28 4.686378344285627e-32
12 29 3.796814388394792e-32
12 30 3.1790026243292986e-32
12 31 2.465214244523005e-32
12 32 3.377295292455854e-32
12 33 2.465214244523005e-32
12 34 3.1790026243292986e-32
12 35 3.796814388394792e-32
12 36 4.686378344285627e-32
12 37 -7.353277254846958e-33
12 38 -1.3568604558046894e-31
12 39 -1.8022706428147883e-31
12 40 -1.3381459779671307e-31
12 41 6.0183438891897185e-31
12 42 1.0483283521763989e-30
12 43 2.724830699698773e-30
12 44 1.2381386942796667e-29
12 45 3.749493529395424e-29
12 46 1.0295523762121254e-28
12 47 2.6450425119299343e-28
12 48 6.2019816347295e-28
12 49 1.2677429741558471e-27
12 50 2.4437393779761303e-27
12 51 5.4969223349321185e-27
12 52 1.111855641994381e-26
12 53 2.1298614432015697e-26
12 54 4.0993915719967815e-26
12 55 7.49710571857493e-26
12 56 1.448119089251279e-25
12 57 2.6241600231445763e-25
12 58 5.264779011606981e-25
12 59 9.11603425643538e-25
12 60 1.668580647087705e-24
12 61 3.0802935152278897e-24
12 62 5.0675409184886785e-24
12 63 1.0567107489650853e-23
13 0 7.666971579756304e-24
13 1 4.564573235258209e-24
13 2 1.9391999441256135e-24
13 3 1.2672606001205963e-24
13 4 6.997681670463445e-25
13 5 4.0965807194776564e-25
13 6 2.3134472004922422e-25
13 7 1.2016705505041588e-25
13 8 6.729034193280304e-26
13 9 3.519911732557213e-26
13 10 1.8943890158178023e-26
13 11 1.0030861809746603e-26
13 12 5.4969223349321185e-27
13 13 3.107757613888641e-27
13 14 1.4693553063764504e-27
13 15 7.793165728847985e-28
13 16 3.9574183820108854e-28
13 17 1.7423051731766866e-28
13 18 7.032098070107611e-29
13 19 2.724268780352981e-29
13 20 1.0016092938715676e-29
13 21 3.208398443131904e-30
13 22 1.3718718934338443e-30
13 23 7.653280122795285e-31
13 24 1.8531211164729058e-31
13 25 2.4906779996134577e-32
13 26 -8.943878903946145e-33
13 27 1.2237609562085904e-32
13 28 2.8281509050227467e-32
13 29 2.050390167153512e-32
13 30 1.6455872888328852e-32
13 31 1.221794379271074e-32
13 32 1.5242573486987343e-32
13 33 1.221794379271074e-32
13 34 1.6455872888328852e-32
13 35 2.050390167153512e-32
13 36 2.8281509050227467e-32
13 37 1.2237609562085904e-32
13 38 -8.943878903946145e-33
13 39 2.4906779996134577e-32
13 40 1.8531211164729058e-31
13 41 7.653280122795285e-31
13 42 1.3718718934338443e-30
13 43 3.208398443131904e-30
13 44 1.0016092938715676e-29
13 45 2.724268780352981e-29
13 46 7.032098070107611e-29
13 47 1.7423051731766866e-28
13 48 3.9574183820108854e-28
13 49 7.793165728847985e-28
13 50 1.4693553063764504e-27
13 51 3.107757613888641e-27
13 52 5.4969223349321185e-27
13 53 1.0030861809746603e-26
13 54 1.8943890158178023e-26
13 55 3.519911732557213e-26
13 56 6.729034193280304e-26
13 57 1.2016705505041588e-25
13 58 2.3134472004922422e-25
13 59 4.0965807194776564e-25
13 60 6.997681670463446e-25
13 61 1.2672606001205965e-24
13 62 1.939199944125613e-24
13 63 4.564573235258208e-24
14 0 2.6553806930758746e-24
14 1 1.9627437758660396e-24
14 2 8.482994639904423e-25
14 3 4.987649742705064e-25
14 4 2.82851511723244e-25
14 5 1.744893233553175e-25
14 6 1.0055773665469101e-25
14 7 5.492527076771497e-26
14 8 2.9928362939466617e-26
14 9 1.5228495101389235e-26
14 10 7.877365585256412e-27
14 11 4.2945503066957784e-27
14 12 2.4437393779761303e-27
14 13 1.4693553063764504e-27
14 14 8.094276768577204e-28
14 15 4.389709046551858e-28
14 16 2.2548415506835633e-28
14 17 1.0173904386869702e-28
14 18 4.480251064318072e-29
14 19 1.7578704293759718e-29
14 20 6.771899716577577e-30
14 21 2.3993880238737446e-30
14 22 1.2163415055917629e-30
14 23 7.16450817645038e-31
14 24 2.5821875659462753e-31
14 25 9.617771910687389e-32
14 26 3.8456830915145165e-32
14 27 2.0976184745243853e-32
14 28 1.2825870727953393e-32
14 29 7.889758741764161e-33
14 30 6.514056790008656e-33
14 31 2.4495494928073368e-33
14 32 4.3226252716920506e-33
14 33 2.4495494928073368e-33
14 34 6.514056790008656e-33
14 35 7.889758741764161e-33
14 36 1.2825870727953393e-32
14 37 2.0976184745243853e-32
14 38 3.8456830915145165e-32
14 39 9.617771910687389e-32
14 40 2.5821875659462753e-31
14 41 7.16450817645038e-31
14 42 1.2163415055917629e-30
14 43 2.3993880238737446e-30
14 44 6.771899716577577e-30
14 45 1.7578704293759718e-29
14 46 4.480251064318072e-29
14 47 1.0173904386869702e-28
14 48 2.2548415506835633e-28
14 49 4.389709046551858e-28
14 50 8.094276768577204e-28
14 51 1.4693553063764504e-27
14 52 2.4437393779761303e-27
14 53 4.2945503066957784e-27
14 54 7.877365585256412e-27
14 55 1.5228495101389235e-26
14 56 2.9928362939466617e-26
14 57 5.492527076771497e-26
14 58 1.0055773665469101e-25
14 59 1.744893233553175e-25
14 60 2.828515117232439e-25
14 61 4.987649742705064e-25
14 62 8.482994639904425e-25
14 63 1.9627437758660403e-24
15 0 1.648349237869369e-24
15 1 9.632303905586038e-25
15 2 4.782596243933085e-25
15 3 2.666288372972745e-25
15 4 1.395383758472058e-25
15 5 8.923897126046111e-26
15 6 5.0172603724928027e-26
15 7 2.7042883343610793e-26
15 8 1.489599865152456e-26
15 9 7.788879542505532e-27
15 10 4.078693277399459e-27
15 11 2.223445251374017e-27
15 12 1.2677429741558471e-27
15 13 7.793165728847985e-28
15 14 4.389709046551858e-28
15 15 2.592482130549078e-28
15 16 1.3534537384265627e-28
15 17 6.080534682007713e-29
15 18 2.648443822394611e-29
15 19 1.0462877351497557e-29
15 20 4.286579358660367e-30
15 21 1.5006898636564095e-30
15 22 7.992847349482358e-31
15 23 4.5924975424767115e-31
15 24 1.854151883304137e-31
15 25 7.617782828281795e-32
15 26 2.4664601349011456e-32
15 27 1.1928543601962303e-32
15 28 6.217832285711727e-33
15 29 3.1922297572205134e-33
15 30 3.638317603262822e-33
15 31 1.3086883284521608e-33
15 32 2.135913789034207e-33
15 33 1.3086883284521608e-33
15 34 3.638317603262822e-33
15 35 3.1922297572205134e-33
15 36 6.217832285711727e-33
15 37 1.1928543601962303e-32
15 38 2.4664601349011456e-32
15 39 7.617782828281795e-32
15 40 1.854151883304137e-31
15 41 4.5924975424767115e-31
15 42 7.992847349482358e-31
15 43 1.5006898636564095e-30
15 44 4.286579358660367e-30
15 45 1.0462877351497557e-29
15 46 2.648443822394611e-29
15 47 6.080534682007713e-29
15 48 1.3534537384265627e-28
15 49 2.592482130549078e-28
15 50 4.389709046551858e-28
15 51 7.793165728847985e-28
15 52 1.2677429741558471e-27
15 53 2.223445251374017e-27
15 54 4.078693277399459e-27
15 55 7.788879542505532e-27
15 56 1.489599865152456e-26
15 57 2.7042883343610793e-26
15 58 5.0172603724928027e-26
15 59 8.923897126046111e-26
15 60 1.3953837584720592e-25
15 61 2.666288372972744e-25
15 62 4.782596243933084e-25
15 63 9.632303905586036e-25
16 0 1.1608382080975012e-24
16 1 4.715531272143037e-25
16 2 2.67586407843184e-25
16 3 1.4194161556627869e-25
16 4 7.570970721374587e-26
16 5 4.5755265463696706e-26
16 6 2.489287455554876e-26
16 7 1.3797221928347386e-26
16 8 7.6068694817307e-27
16 9 4.0027712169892394e-27
16 10 2.038083644458354e-27
16 11 1.1001848880165555e-27
16 12 6.2019816347295e-28
16 13 3.9574183820108854e-28
16 14 2.2548415506835633e-28
16 15 1.3534537384265627e-28
16 16 7.784249360445397e-29
16 17 3.5507123166966965e-29
16 18 1.5308740412590576e-29
16 19 6.287994515215472e-30
16 20 2.6775889929901432e-30
16 21 9.625904090743286e-31
16 22 5.319703701816052e-31
16 23 2.78358064895304e-31
16 24 1.2496520782211494e-31
16 25 5.649300887948166e-32
16 26 2.0162762455020916e-32
16 27 8.162758905870117e-33
16 28 4.006912638363079e-33
16 29 1.392963252400617e-33
16 30 1.2573420682559426e-33
16 31 -6.667736703826849e-35
16 32 2.820898459023247e-34
16 33 -6.667736703826849e-35
16 34 1.2573420682559426e-33
16 35 1.392963252400617e-33
16 36 4.006912638363079e-33
16 37 8.162758905870117e-33
16 38 2.0162762455020916e-32
16 39 5.649300887948166e-32
16 40 1.2496520782211494e-31
16 41 2.78358064895304e-31
16 42 5.319703701816052e-31
16 43 9.625904090743286e-31
16 44 2.6775889929901432e-30
16 45 6.287994515215472e-30
16 46 1.5308740412590576e-29
16 47 3.5507123166966965e-29
16 48 7.784249360445397e-29
16 49 1.3534537384265627e-28
16 50 2.2548415506835633e-28
16 51 3.9574183820108854e-28
16 52 6.2019816347295e-28
16 53 1.1001848880165555e-27
16 54 2.038083644458354e-27
16 55 4.0027712169892394e-27
16 56 7.6068694817307e-27
16 57 1.3797221928347386e-26
16 58 2.489287455554876e-26
16 59 4.5755265463696706e-26
16 60 7.570970721374587e-26
16 61 1.4194161556627869e-25
16 62 2.67586407843184e-25
16 63 4.715531272143037e-25
17 0 3.455455571744449e-25
17 1 2.1032805808020346e-25
17 2 1.1232535978527308e-25
17 3 4.679711872534745e-26
17 4 2.3335165936292778e-26
17 5 1.7494002174335514e-26
17 6 9.990119671872742e-27
17 7 5.558420843390963e-27
17 8 3.104774077277221e-27
17 9 1.686826564877507e-27
17 10 8.243597244059238e-28
17 11 4.335742462356943e-28
17 12 2.6450425119299343e-28
17 13 1.7423051731766866e-28
17 14 1.0173904386869702e-28
17 15 6.080534682007713e-29
17 16 3.5507123166966965e-29
17 17 1.8131378847018934e-29
17 18 8.360546366062933e-30
17 19 3.550017167430508e-30
17 20 1.5692757229613844e-30
17 21 6.34555607167003e-31
17 22 3.632521178754786e-31
17 23 1.957611093643239e-31
17 24 8.265522980562072e-32
17 25 3.8347281159047885e-32
17 26 1.4160947625063704e-32
17 27 5.702735003266661e-33
17 28 2.656674435502136e-33
17 29 7.551088416685096e-34
17 30 6.610718326633687e-34
17 31 -2.2082832104761997e-34
17 32 3.129040440606734e-35
17 33 -2.2082832104761997e-34
17 34 6.610718326633687e-34
17 35 7.551088416685096e-34
17 36 2.656674435502136e-33
17 37 5.702735003266661e-33
17 38 1.4160947625063704e-32
17 39 3.8347281159047885e-32
17 40 8.265522980562072e-32
17 41 1.957611093643239e-31
17 42 3.632521178754786e-31
17 43 6.34555607167003e-31
17 44 1.5692757229613844e-30
17 45 3.550017167430508e-30
17 46 8.360546366062933e-30
17 47 1.8131378847018934e-29
17 48 3.5507123166966965e-29
17 49 6.080534682007713e-29
17 50 1.0173904386869702e-28
17 51 1.7423051731766866e-28
17 52 2.6450425119299343e-28
17 53 4.335742462356943e-28
17 54 8.243597244059238e-28
17 55 1.686826564877507e-27
17 56 3.104774077277221e-27
17 57 5.558420843390963e-27
17 58 9.990119671872742e-27
17 59 1.7494002174335514e-26
17 60 2.3335165936292778e-26
17 61 4.679711872534745e-26
17 62 1.1232535978527308e-25
17 63 2.1032805808020346e-25
18 0 2.966257194214116e-26
18 1 1.0924572548101864e-25
18 2 4.710172027437559e-26
18 3 1.116331708469414e-26
18 4 4.918922480688246e-27
18 5 6.260140416323484e-27
18 6 3.823656434359477e-27
18 7 2.227544261800869e-27
18 8 1.2425708076838828e-27
18 9 6.702429814549562e-28
18 10 3.039776455871068e-28
18 11 1.629918049899232e-28
18 12 1.0295523762121254e-28
18 13 7.032098070107611e-29
18 14 4.480251064318072e-29
18 15 2.648443822394611e-29
18 16 1.5308740412590576e-29
18 17 8.360546366062933e-30
18 18 4.4454044811742276e-30
18 19 1.9188643021688136e-30
18 20 8.61737218168253e-31
18 21 3.8552319551952363e-31
18 22 2.1804542097028444e-31
18 23 1.230310436014681e-31
18 24 5.088831461860805e-32
18 25 2.368420603499317e-32
18 26 9.382796397217845e-33
18 27 3.567467007529398e-33
18 28 1.1797526448891904e-33
18 29 1.5419623018488848e-34
18 30 8.092103671272142e-36
18 31 -4.789396921677307e-34
18 32 -2.933479107549861e-34
18 33 -4.789396921677307e-34
18 34 8.092103671272142e-36
18 35 1.5419623018488848e-34
18 36 1.1797526448891904e-33
18 37 3.567467007529398e-33
18 38 9.382796397217845e-33
18 39 2.368420603499317e-32
18 40 5.088831461860805e-32
18 41 1.230310436014681e-31
18 42 2.1804542097028444e-31
18 43 3.8552319551952363e-31
18 44 8.61737218168253e-31
18 45 1.9188643021688136e-30
18 46 4.4454044811742276e-30
18 47 8.360546366062933e-30
18 48 1.5308740412590576e-29
18 49 2.648443822394611e-29
18 50 4.480251064318072e-29
18 51 7.032098070107611e-29
18 52 1.0295523762121254e-28
18 53 1.629918049899232e-28
18 54 3.039776455871068e-28
18 55 6.702429814549562e-28
18 56 1.2425708076838828e-27
18 57 2.227544261800869e-27
18 58 3.823656434359477e-27
18 59 6.260140416323484e-27
18 60 4.9189224806882485e-27
18 61 1.1163317084694134e-26
18 62 4.710172027437556e-26
18 63 1.0924572548101866e-25
19 0 -1.6579677450042292e-26
19 1 4.489713798901303e-26
19 2 1.5068997991717365e-26
19 3 1.3776342974849994e-27
19 4 1.138728542619558e-28
19 5 1.9354519638763266e-27
19 6 1.3164577125549537e-27
19 7 7.587425021738535e-28
19 8 4.374876849911418e-28
19 9 2.5733741724470017e-28
19 10 1.1199211231316358e-28
19 11 5.378968446391369e-29
19 12 3.749493529395424e-29
19 13 2.724268780352981e-29
19 14 1.7578704293759718e-29
19 15 1.0462877351497557e-29
19 16 6.287994515215472e-30
19 17 3.550017167430508e-30
19 18 1.9188643021688136e-30
19 19 9.701734823848429e-31
19 20 4.790979645775716e-31
19 21 2.2519169345141636e-31
19 22 1.2125364533250926e-31
19 23 6.654085773286051e-32
19 24 2.856277266675661e-32
19 25 1.3158273056152216e-32
19 26 5.611624342545272e-33
19 27 2.0283186492842535e-33
19 28 5.957867417587561e-34
19 29 3.974039006129707e-35
19 30 -1.8320825626934142e-35
19 31 -2.7011201535580663e-34
19 32 -1.8593090188843771e-34
19 33 -2.7011201535580663e-34
19 34 -1.8320825626934142e-35
19 35 3.974039006129707e-35
19 36 5.957867417587561e-34
19 37 2.0283186492842535e-33
19 38 5.611624342545272e-33
19 39 1.3158273056152216e-32
19 40 2.856277266675661e-32
19 41 6.654085773286051e-32
19 42 1.2125364533250926e-31
19 43 2.2519169345141636e-31
19 44 4.790979645775716e-31
19 45 9.701734823848429e-31
19 46 1.9188643021688136e-30
19 47 3.550017167430508e-30
19 48 6.287994515215472e-30
19 49 1.0462877351497557e-29
19 50 1.7578704293759718e-29
19 51 2.724268780352981e-29
19 52 3.749493529395424e-29
19 53 5.378968446391369e-29
19 54 1.1199211231316358e-28
19 55 2.5733741724470017e-28
19 56 4.374876849911418e-28
19 57 7.587425021738535e-28
19 58 1.3164577125549537e-27
19 59 1.9354519638763266e-27
19 60 1.138728542619558e-28
19 61 1.3776342974849994e-27
19 62 1.5068997991717365e-26
19 63 4.4897137989013044e-26
20 0 -3.004137332843246e-26
20 1 1.1680163323644567e-26
20 2 1.651011919330967e-27
20 3 -3.4156952258641954e-27
20 4 -2.1822560053617636e-27
20 5 1.0923834181117996e-28
20 6 3.261748608785903e-28
20 7 2.4460660262953694e-28
20 8 1.2459284715470097e-28
20 9 8.625122556504982e-29
20 10 3.3438677703073417e-29
20 11 1.2269803255838367e-29
20 12 1.2381386942796667e-29
20 13 1.0016092938715676e-29
20 14 6.771899716577577e-30
20 15 4.286579358660367e-30
20 16 2.6775889929901432e-30
20 17 1.5692757229613844e-30
20 18 8.61737218168253e-31
20 19 4.790979645775716e-31
20 20 2.985570842990722e-31
20 21 1.4970812916869412e-31
20 22 7.875537580432958e-32
20 23 4.0655224488376597e-32
20 24 1.7917746302344255e-32
20 25 7.792000918519873e-33
20 26 3.32957936501204e-33
20 27 1.163431153887696e-33
20 28 3.3690070340666655e-34
20 29 3.1449062416321435e-35
20 30 -2.547737619606628e-35
20 31 -1.92404608853714e-34
20 32 -1.4797158553786555e-34
20 33 -1.92404608853714e-34
20 34 -2.547737619606628e-35
20 35 3.1449062416321435e-35
20 36 3.3690070340666655e-34
20 37 1.163431153887696e-33
20 38 3.32957936501204e-33
20 39 7.792000918519873e-33
20 40 1.7917746302344255e-32
20 41 4.0655224488376597e-32
20 42 7.875537580432958e-32
20 43 1.4970812916869412e-31
20 44 2.985570842990722e-31
20 45 4.790979645775716e-31
20 46 8.61737218168253e-31
20 47 1.5692757229613844e-30
20 48 2.6775889929901432e-30
20 49 4.286579358660367e-30
20 50 6.771899716577577e-30
20 51 1.0016092938715676e-29
20 52 1.2381386942796667e-29
20 53 1.2269803255838367e-29
20 54 3.3438677703073417e-29
20 55 8.625122556504982e-29
20 56 1.2459284715470097e-28
20 57 2.4460660262953694e-28
20 58 3.261748608785903e-28
20 59 1.0923834181117996e-28
20 60 -2.1822560053617636e-27
20 61 -3.4156952258641954e-27
20 62 1.651011919330967e-27
20 63 1.1680163323644564e-26
21 0 -2.1682724117519996e-26
21 1 8.938403322298675e-27
21 2 -1.3744231926386992e-27
21 3 -3.513154954776892e-27
21 4 -1.974854802291393e-27
21 5 -3.8138389742979892e-28
21 6 -7.524068109427194e-29
21 7 5.693610342040751e-30
21 8 -5.8279523183089586e-30
21 9 9.38007226431672e-30
21 10 -9.853818830895991e-31
21 11 -1.84842583060987e-30
21 12 2.724830699698773e-30
21 13 3.208398443131904e-30
21 14 2.3993880238737446e-30
21 15 1.5006898636564095e-30
21 16 9.625904090743286e-31
21 17 6.34555607167003e-31
21 18 3.8552319551952363e-31
21 19 2.2519169345141636e-31
21 20 1.4970812916869412e-31
21 21 9.225294990468313e-32
21 22 4.9129867109545774e-32
21 23 2.5200182234568657e-32
21 24 1.0240788936381422e-32
21 25 4.075881416500652e-33
21 26 1.6683693253020292e-33
21 27 4.589493177681037e-34
21 28 4.228338141720676e-35
21 29 -8.339681197413469e-35
21 30 -9.631592825827048e-35
21 31 -1.602047546932317e-34
21 32 -1.3653916626938754e-34
21 33 -1.602047546932317e-34
21 34 -9.631592825827048e-35
21 35 -8.339681197413469e-35
21 36 4.228338141720676e-35
21 37 4.589493177681037e-34
21 38 1.6683693253020292e-33
21 39 4.075881416500652e-33
21 40 1.0240788936381422e-32
21 41 2.5200182234568657e-32
21 42 4.9129867109545774e-32
21 43 9.225294990468313e-32
21 44 1.4970812916869412e-31
21 45 2.2519169345141636e-31
21 46 3.8552319551952363e-31
21 47 6.34555607167003e-31
21 48 9.625904090743286e-31
21 49 1.5006898636564095e-30
21 50 2.3993880238737446e-30
21 51 3.208398443131904e-30
21 52 2.724830699698773e-30
21 53 -1.84842583060987e-30
21 54 -9.853818830895991e-31
21 55 9.38007226431672e-30
21 56 -5.8279523183089586e-30
21 57 5.693610342040751e-30
21 58 -7.524068109427194e-29
21 59 -3.8138389742979892e-28
21 60 -1.974854802291393e-27
21 61 -3.513154954776892e-27
21 62 -1.3744231926386992e-27
21 63 8.93840332229867e-27
22 0 -5.267598148718855e-27
22 1 4.87327584055812e-27
22 2 8.662194136602672e-28
22 3 -1.4502246188722376e-27
22 4 -8.674005245453194e-28
22 5 -1.7484405244457438e-28
22 6 -5.050138230787072e-29
22 7 -8.078802768444535e-30
22 8 -1.2589473959985086e-29
22 9 -1.6229715077585694e-30
22 10 -3.773404028680497e-30
22 11 -1.7468465832111112e-30
22 12 1.0483283521763989e-30
22 13 1.3718718934338443e-30
22 14 1.2163415055917629e-30
22 15 7.992847349482358e-31
22 16 5.319703701816052e-31
22 17 3.632521178754786e-31
22 18 2.1804542097028444e-31
22 19 1.2125364533250926e-31
22 20 7.875537580432958e-32
22 21 4.9129867109545774e-32
22 22 2.998015007624002e-32
22 23 1.5479767246765316e-32
