0 0 7.237840768078806e-20
0 1 4.076695035607882e-20
0 2 2.899029137338864e-20
0 3 1.9934815207739466e-20
0 4 1.3891089647179638e-20
0 5 9.127396549868878e-21
0 6 6.015929585131862e-21
0 7 3.8912146523356626e-21
0 8 2.5738778425307356e-21
0 9 1.6588264428633927e-21
0 10 1.1224299389835734e-21
0 11 6.958327563397827e-22
0 12 4.0562160922167084e-22
0 13 2.542270981797098e-22
0 14 1.6477145867031096e-22
0 15 1.0030950239288521e-22
0 16 6.047326653011568e-23
0 17 3.2343032343506614e-23
0 18 1.672379000082269e-23
0 19 6.695308571744804e-24
0 20 4.497018009445118e-24
0 21 2.9764222152461228e-24
0 22 2.2843828806059868e-24
0 23 1.457795664698298e-24
0 24 9.436936654466025e-26
0 25 -4.511765355150562e-25
0 26 -7.713386273536788e-25
0 27 -1.1376753747404005e-24
0 28 -1.1746451114712473e-24
0 29 -9.94720414518651e-25
0 30 -8.080488856377732e-25
0 31 -5.960009156904983e-25
0 32 -5.461291620210718e-25
0 33 -5.960009156904983e-25
0 34 -8.080488856377732e-25
0 35 -9.94720414518651e-25
0 36 -1.1746451114712473e-24
0 37 -1.1376753747404005e-24
0 38 -7.713386273536788e-25
0 39 -4.511765355150562e-25
0 40 9.436936654466025e-26
0 41 1.457795664698298e-24
0 42 2.2843828806059868e-24
0 43 2.9764222152461228e-24
0 44 4.497018009445118e-24
0 45 6.695308571744804e-24
0 46 1.672379000082269e-23
0 47 3.2343032343506614e-23
0 48 6.047326653011568e-23
0 49 1.0030950239288521e-22
0 50 1.6477145867031096e-22
0 51 2.542270981797098e-22
0 52 4.0562160922167084e-22
0 53 6.958327563397827e-22
0 54 1.1224299389835734e-21
0 55 1.6588264428633927e-21
0 56 2.5738778425307356e-21
0 57 3.8912146523356626e-21
0 58 6.015929585131862e-21
0 59 9.127396549868878e-21
0 60 1.3891089647179638e-20
0 61 1.993481520773946e-20
0 62 2.899029137338864e-20
0 63 4.076695035607882e-20
1 0 4.076695035607882e-20
1 1 3.708831904334191e-20
1 2 2.0756724546509388e-20
1 3 1.3581870864216908e-20
1 4 8.907689012881748e-21
1 5 5.6148682927243176e-21
1 6 3.5039691606599205e-21
1 7 2.3542181017258114e-21
1 8 1.5229462890710252e-21
1 9 9.61636903820445e-22
1 10 6.347417549052877e-22
1 11 3.929353619143008e-22
1 12 2.2503773649073037e-22
1 13 1.396481893116506e-22
1 14 8.912359123423012e-23
1 15 5.42904378945727e-23
1 16 3.1901729022497465e-23
1 17 1.7317443326613176e-23
1 18 1.0601506269485832e-23
1 19 4.613823452176924e-24
1 20 2.6202872160594922e-24
1 21 9.032606215662109e-25
1 22 2.2085634910065585e-25
1 23 -1.6697065007810584e-25
1 24 -8.577803551347991e-25
1 25 -1.0390739099793978e-24
1 26 -1.0298268848042022e-24
1 27 -1.0353602108640428e-24
1 28 -1.0273214231987246e-24
1 29 -9.745114800042357e-25
1 30 -8.883403225712691e-25
1 31 -8.009106344599199e-25
1 32 -7.605031676155558e-25
1 33 -8.009106344599199e-25
1 34 -8.883403225712691e-25
1 35 -9.745114800042357e-25
1 36 -1.0273214231987246e-24
1 37 -1.0353602108640428e-24
1 38 -1.0298268848042022e-24
1 39 -1.0390739099793978e-24
1 40 -8.577803551347991e-25
1 41 -1.6697065007810584e-25
1 42 2.2085634910065585e-25
1 43 9.032606215662109e-25
1 44 2.6202872160594922e-24
1 45 4.613823452176924e-24
1 46 1.0601506269485832e-23
1 47 1.7317443326613176e-23
1 48 3.1901729022497465e-23
1 49 5.42904378945727e-23
1 50 8.912359123423012e-23
1 51 1.396481893116506e-22
1 52 2.2503773649073037e-22
1 53 3.929353619143008e-22
1 54 6.347417549052877e-22
1 55 9.61636903820445e-22
1 56 1.5229462890710252e-21
1 57 2.3542181017258114e-21
1 58 3.5039691606599205e-21
1 59 5.6148682927243176e-21
1 60 8.907689012881748e-21
1 61 1.3581870864216914e-20
1 62 2.0756724546509385e-20
1 63 3.70883190433419e-20
2 0 2.899029137338864e-20
2 1 2.0756724546509388e-20
2 2 1.5551625101699218e-20
2 3 1.0296720756793465e-20
2 4 6.967861733509652e-21
2 5 4.605662184156356e-21
2 6 3.0600568301594914e-21
2 7 2.0018574927056082e-21
2 8 1.3130600904451907e-21
2 9 8.402026758593443e-22
2 10 5.586913335364926e-22
2 11 3.416866354313946e-22
2 12 2.0443459416889393e-22
2 13 1.2910692904371055e-22
2 14 8.296858899907408e-23
2 15 5.081416506566802e-23
2 16 3.0901091047001415e-23
2 17 1.7935905319370028e-23
2 18 1.0414248274721377e-23
2 19 5.472223533033898e-24
2 20 3.846013079785144e-24
2 21 2.6478586388580576e-24
2 22 1.9177909986349594e-24
2 23 1.2089989540893674e-24
2 24 4.291744960071986e-25
2 25 9.487693362003647e-26
2 26 -9.819121159741431e-26
2 27 -2.876966926407461e-25
2 28 -3.7479320587685645e-25
2 29 -3.7594137713683003e-25
2 30 -3.308032523873701e-25
2 31 -2.605422134683881e-25
2 32 -2.386743884293305e-25
2 33 -2.605422134683881e-25
2 34 -3.308032523873701e-25
2 35 -3.7594137713683003e-25
2 36 -3.7479320587685645e-25
2 37 -2.876966926407461e-25
2 38 -9.819121159741431e-26
2 39 9.487693362003647e-26
2 40 4.291744960071986e-25
2 41 1.2089989540893674e-24
2 42 1.9177909986349594e-24
2 43 2.6478586388580576e-24
2 44 3.846013079785144e-24
2 45 5.472223533033898e-24
2 46 1.0414248274721377e-23
2 47 1.7935905319370028e-23
2 48 3.0901091047001415e-23
2 49 5.081416506566802e-23
2 50 8.296858899907408e-23
2 51 1.2910692904371055e-22
2 52 2.0443459416889393e-22
2 53 3.416866354313946e-22
2 54 5.586913335364926e-22
2 55 8.402026758593443e-22
2 56 1.3130600904451907e-21
2 57 2.0018574927056082e-21
2 58 3.0600568301594914e-21
2 59 4.605662184156356e-21
2 60 6.96786173350965e-21
2 61 1.0296720756793465e-20
2 62 1.5551625101699212e-20
2 63 2.0756724546509385e-20
3 0 1.9934815207739466e-20
3 1 1.3581870864216908e-20
3 2 1.0296720756793465e-20
3 3 7.719038058451455e-21
3 4 5.344689301354806e-21
3 5 3.615312736764191e-21
3 6 2.4091305399876676e-21
3 7 1.5627010744724752e-21
3 8 1.0197538900987054e-21
3 9 6.503962200621576e-22
3 10 4.300153438014853e-22
3 11 2.6459733153069414e-22
3 12 1.6126913326278032e-22
3 13 1.0327353781672611e-22
3 14 6.66405279937883e-23
3 15 4.129342902240073e-23
3 16 2.5888866762877183e-23
3 17 1.536531280266531e-23
3 18 9.139905009068977e-24
3 19 4.9001219504755514e-24
3 20 3.553024748125905e-24
3 21 2.4431244761302914e-24
3 22 1.5934763756288528e-24
3 23 1.0367653948754003e-24
3 24 4.307158758396145e-25
3 25 1.7573610198668406e-25
3 26 2.568536888808198e-27
3 27 -1.6437217425135746e-25
3 28 -2.5861773525431467e-25
3 29 -2.6826948912490663e-25
3 30 -2.38607605073343e-25
3 31 -1.989815856463496e-25
3 32 -1.7996512868664494e-25
3 33 -1.989815856463496e-25
3 34 -2.38607605073343e-25
3 35 -2.6826948912490663e-25
3 36 -2.5861773525431467e-25
3 37 -1.6437217425135746e-25
3 38 2.568536888808198e-27
3 39 1.7573610198668406e-25
3 40 4.307158758396145e-25
3 41 1.0367653948754003e-24
3 42 1.5934763756288528e-24
3 43 2.4431244761302914e-24
3 44 3.553024748125905e-24
3 45 4.9001219504755514e-24
3 46 9.139905009068977e-24
3 47 1.536531280266531e-23
3 48 2.5888866762877183e-23
3 49 4.129342902240073e-23
3 50 6.66405279937883e-23
3 51 1.0327353781672611e-22
3 52 1.6126913326278032e-22
3 53 2.6459733153069414e-22
3 54 4.300153438014853e-22
3 55 6.503962200621576e-22
3 56 1.0197538900987054e-21
3 57 1.5627010744724752e-21
3 58 2.4091305399876676e-21
3 59 3.615312736764191e-21
3 60 5.344689301354809e-21
3 61 7.719038058451457e-21
3 62 1.0296720756793465e-20
3 63 1.3581870864216914e-20
4 0 1.3891089647179638e-20
4 1 8.907689012881748e-21
4 2 6.967861733509652e-21
4 3 5.344689301354806e-21
4 4 3.992691957181019e-21
4 5 2.7117684656992e-21
4 6 1.8429330766115843e-21
4 7 1.1977408984166892e-21
4 8 7.848363323687361e-22
4 9 5.018520317150769e-22
4 10 3.368694222413041e-22
4 11 2.1085287604383415e-22
4 12 1.3355984712477846e-22
4 13 8.710013191070743e-23
4 14 5.70129647270748e-23
4 15 3.514713872950095e-23
4 16 2.185681298917649e-23
4 17 1.2608527788015876e-23
4 18 7.472161011511615e-24
4 19 3.9450950065256974e-24
4 20 2.8736587795651552e-24
4 21 1.9665949586001525e-24
4 22 1.3178296822970279e-24
4 23 9.065630663292826e-25
4 24 4.150466129427937e-25
4 25 2.0158562715032545e-25
4 26 2.923685387118763e-26
4 27 -1.1655683539564935e-25
4 28 -1.8831419670387344e-25
4 29 -1.9749809297553063e-25
4 30 -1.85034870450263e-25
4 31 -1.654804618844312e-25
4 32 -1.5208918039596224e-25
4 33 -1.654804618844312e-25
4 34 -1.85034870450263e-25
4 35 -1.9749809297553063e-25
4 36 -1.8831419670387344e-25
4 37 -1.1655683539564935e-25
4 38 2.923685387118763e-26
4 39 2.0158562715032545e-25
4 40 4.150466129427937e-25
4 41 9.065630663292826e-25
4 42 1.3178296822970279e-24
4 43 1.9665949586001525e-24
4 44 2.8736587795651552e-24
4 45 3.9450950065256974e-24
4 46 7.472161011511615e-24
4 47 1.2608527788015876e-23
4 48 2.185681298917649e-23
4 49 3.514713872950095e-23
4 50 5.70129647270748e-23
4 51 8.710013191070743e-23
4 52 1.3355984712477846e-22
4 53 2.1085287604383415e-22
4 54 3.368694222413041e-22
4 55 5.018520317150769e-22
4 56 7.848363323687361e-22
4 57 1.1977408984166892e-21
4 58 1.8429330766115843e-21
4 59 2.7117684656992e-21
4 60 3.992691957181019e-21
4 61 5.344689301354809e-21
4 62 6.96786173350965e-21
4 63 8.907689012881748e-21
5 0 9.127396549868878e-21
5 1 5.6148682927243176e-21
5 2 4.605662184156356e-21
5 3 3.615312736764191e-21
5 4 2.7117684656992e-21
5 5 1.9300266660416093e-21
5 6 1.3354335655504267e-21
5 7 8.791951571941953e-22
5 8 5.792561768333929e-22
5 9 3.7275351298518645e-22
5 10 2.5215804650582096e-22
5 11 1.597731655394237e-22
5 12 1.0191160690511602e-22
5 13 6.667729200166116e-23
5 14 4.349325978665824e-23
5 15 2.665732207227587e-23
5 16 1.6744438724904153e-23
5 17 9.8486982141508e-24
5 18 6.0228689992610425e-24
5 19 3.434071015979418e-24
5 20 2.5075612024400812e-24
5 21 1.7590242214408906e-24
5 22 1.1843578786237911e-24
5 23 8.111471341816961e-25
5 24 4.354930838593933e-25
5 25 2.4778859146764828e-25
5 26 1.0166867907387492e-25
5 27 -1.9478514210712052e-26
5 28 -8.098097555471675e-26
5 29 -1.0132192819532907e-25
5 30 -9.99761525416336e-26
5 31 -9.472662019628609e-26
5 32 -8.94327831681282e-26
5 33 -9.472662019628609e-26
5 34 -9.99761525416336e-26
5 35 -1.0132192819532907e-25
5 36 -8.098097555471675e-26
5 37 -1.9478514210712052e-26
5 38 1.0166867907387492e-25
5 39 2.4778859146764828e-25
5 40 4.354930838593933e-25
5 41 8.111471341816961e-25
5 42 1.1843578786237911e-24
5 43 1.7590242214408906e-24
5 44 2.5075612024400812e-24
5 45 3.434071015979418e-24
5 46 6.0228689992610425e-24
5 47 9.8486982141508e-24
5 48 1.6744438724904153e-23
5 49 2.665732207227587e-23
5 50 4.349325978665824e-23
5 51 6.667729200166116e-23
5 52 1.0191160690511602e-22
5 53 1.597731655394237e-22
5 54 2.5215804650582096e-22
5 55 3.7275351298518645e-22
5 56 5.792561768333929e-22
5 57 8.791951571941953e-22
5 58 1.3354335655504267e-21
5 59 1.9300266660416093e-21
5 60 2.7117684656992004e-21
5 61 3.615312736764189e-21
5 62 4.605662184156355e-21
5 63 5.614868292724317e-21
6 0 6.015929585131862e-21
6 1 3.5039691606599205e-21
6 2 3.0600568301594914e-21
6 3 2.4091305399876676e-21
6 4 1.8429330766115843e-21
6 5 1.3354335655504267e-21
6 6 9.797629458856298e-22
6 7 6.631796663644299e-22
6 8 4.47193435105556e-22
6 9 2.9288451875757884e-22
6 10 1.9977698654298068e-22
6 11 1.2809863838956572e-22
6 12 8.303782149967674e-23
6 13 5.474981864244356e-23
6 14 3.6134311479106404e-23
6 15 2.229061967140748e-23
6 16 1.4115701859872507e-23
6 17 8.33834006199965e-24
6 18 5.101142075110919e-24
6 19 3.0030010531963037e-24
6 20 2.146819987730547e-24
6 21 1.4973262845516634e-24
6 22 1.0285791874695512e-24
6 23 7.182716844806035e-25
6 24 4.202729416087879e-25
6 25 2.6254996982088374e-25
6 26 1.4514058053768674e-25
6 27 4.854463901903714e-26
6 28 -8.1803450567352e-27
6 29 -3.230457288574192e-26
6 30 -4.03990245544755e-26
6 31 -4.0892160884174575e-26
6 32 -3.6789971258440733e-26
6 33 -4.0892160884174575e-26
6 34 -4.03990245544755e-26
6 35 -3.230457288574192e-26
6 36 -8.1803450567352e-27
6 37 4.854463901903714e-26
6 38 1.4514058053768674e-25
6 39 2.6254996982088374e-25
6 40 4.202729416087879e-25
6 41 7.182716844806035e-25
6 42 1.0285791874695512e-24
6 43 1.4973262845516634e-24
6 44 2.146819987730547e-24
6 45 3.0030010531963037e-24
6 46 5.101142075110919e-24
6 47 8.33834006199965e-24
6 48 1.4115701859872507e-23
6 49 2.229061967140748e-23
6 50 3.6134311479106404e-23
6 51 5.474981864244356e-23
6 52 8.303782149967674e-23
6 53 1.2809863838956572e-22
6 54 1.9977698654298068e-22
6 55 2.9288451875757884e-22
6 56 4.47193435105556e-22
6 57 6.631796663644299e-22
6 58 9.797629458856298e-22
6 59 1.3354335655504267e-21
6 60 1.842933076611584e-21
6 61 2.4091305399876676e-21
6 62 3.0600568301594914e-21
6 63 3.503969160659917e-21
7 0 3.8912146523356626e-21
7 1 2.3542181017258114e-21
7 2 2.0018574927056082e-21
7 3 1.5627010744724752e-21
7 4 1.1977408984166892e-21
7 5 8.791951571941953e-22
7 6 6.631796663644299e-22
7 7 4.722061296271681e-22
7 8 3.2562158414061714e-22
7 9 2.1784648968152014e-22
7 10 1.496785782657282e-22
7 11 9.666857897880929e-23
7 12 6.27341096389349e-23
7 13 4.127769698228389e-23
7 14 2.75378102829104e-23
7 15 1.7125423954231356e-23
7 16 1.089813944364704e-23
7 17 6.494505974794925e-24
7 18 4.049404510044868e-24
7 19 2.4918352426193823e-24
7 20 1.7598543152947796e-24
7 21 1.2208134972988716e-24
7 22 8.529009085932102e-25
7 23 5.9048314232647955e-25
7 24 3.6097013418156062e-25
7 25 2.3322656822349315e-25
7 26 1.4100607789383332e-25
7 27 6.801510772057982e-26
7 28 2.2739608030214125e-26
7 29 8.165923801589939e-28
7 30 -6.638862742889081e-27
7 31 -9.006444712869866e-27
7 32 -5.940964815804829e-27
7 33 -9.006444712869866e-27
7 34 -6.638862742889081e-27
7 35 8.165923801589939e-28
7 36 2.2739608030214125e-26
7 37 6.801510772057982e-26
7 38 1.4100607789383332e-25
7 39 2.3322656822349315e-25
7 40 3.6097013418156062e-25
7 41 5.9048314232647955e-25
7 42 8.529009085932102e-25
7 43 1.2208134972988716e-24
7 44 1.7598543152947796e-24
7 45 2.4918352426193823e-24
7 46 4.049404510044868e-24
7 47 6.494505974794925e-24
7 48 1.089813944364704e-23
7 49 1.7125423954231356e-23
7 50 2.75378102829104e-23
7 51 4.127769698228389e-23
7 52 6.27341096389349e-23
7 53 9.666857897880929e-23
7 54 1.496785782657282e-22
7 55 2.1784648968152014e-22
7 56 3.2562158414061714e-22
7 57 4.722061296271681e-22
7 58 6.631796663644299e-22
7 59 8.791951571941953e-22
7 60 1.1977408984166895e-21
7 61 1.562701074472475e-21
7 62 2.0018574927056094e-21
7 63 2.354218101725811e-21
8 0 2.5738778425307356e-21
8 1 1.5229462890710252e-21
8 2 1.3130600904451907e-21
8 3 1.0197538900987054e-21
8 4 7.848363323687361e-22
8 5 5.792561768333929e-22
8 6 4.47193435105556e-22
8 7 3.2562158414061714e-22
8 8 2.3502087822578347e-22
8 9 1.6151480872942164e-22
8 10 1.124985837066603e-22
8 11 7.327839554558196e-23
8 12 4.7837022210011477e-23
8 13 3.1318612624691786e-23
8 14 2.0873811205902587e-23
8 15 1.3013898796211685e-23
8 16 8.26117331075903e-24
8 17 4.9132350317987096e-24
8 18 3.0728337572261828e-24
8 19 1.9022937912352593e-24
8 20 1.325606359852531e-24
8 21 9.119743964288613e-25
8 22 6.56414770402458e-25
8 23 4.634376099659775e-25
8 24 2.931644785243403e-25
8 25 1.949094771789087e-25
8 26 1.247662622204226e-25
8 27 6.878891803908546e-26
8 28 3.217966244125038e-26
8 29 1.4010480013952718e-26
8 30 6.4096797613004306e-27
8 31 2.748316241312673e-27
8 32 4.291462965119022e-27
8 33 2.748316241312673e-27
8 34 6.4096797613004306e-27
8 35 1.4010480013952718e-26
8 36 3.217966244125038e-26
8 37 6.878891803908546e-26
8 38 1.247662622204226e-25
8 39 1.949094771789087e-25
8 40 2.931644785243403e-25
8 41 4.634376099659775e-25
8 42 6.56414770402458e-25
8 43 9.119743964288613e-25
8 44 1.325606359852531e-24
8 45 1.9022937912352593e-24
8 46 3.0728337572261828e-24
8 47 4.9132350317987096e-24
8 48 8.26117331075903e-24
8 49 1.3013898796211685e-23
8 50 2.0873811205902587e-23
8 51 3.1318612624691786e-23
8 52 4.7837022210011477e-23
8 53 7.327839554558196e-23
8 54 1.124985837066603e-22
8 55 1.6151480872942164e-22
8 56 2.3502087822578347e-22
8 57 3.2562158414061714e-22
8 58 4.47193435105556e-22
8 59 5.792561768333929e-22
8 60 7.848363323687361e-22
8 61 1.019753890098706e-21
8 62 1.3130600904451902e-21
8 63 1.5229462890710241e-21
9 0 1.6588264428633927e-21
9 1 9.61636903820445e-22
9 2 8.402026758593443e-22
9 3 6.503962200621576e-22
9 4 5.018520317150769e-22
9 5 3.7275351298518645e-22
9 6 2.9288451875757884e-22
9 7 2.1784648968152014e-22
9 8 1.6151480872942164e-22
9 9 1.1528692742248445e-22
9 10 8.175229432985965e-23
9 11 5.38866272289091e-23
9 12 3.539429366117871e-23
9 13 2.316562260159569e-23
9 14 1.5405348321471123e-23
9 15 9.61542137371511e-24
9 16 6.078389188357041e-24
9 17 3.62757952435633e-24
9 18 2.2721560606479454e-24
9 19 1.41297096250472e-24
9 20 9.863529157087868e-25
9 21 6.725270041827241e-25
9 22 4.8203323945959225e-25
9 23 3.3678078480806624e-25
9 24 2.1324372711778675e-25
9 25 1.410710256882378e-25
9 26 9.136491778477063e-26
9 27 5.299286153462771e-26
9 28 2.661459109076179e-26
9 29 1.3599059237077325e-26
9 30 7.965178956607858e-27
9 31 5.390340367084624e-27
9 32 5.985585999506932e-27
9 33 5.390340367084624e-27
9 34 7.965178956607858e-27
9 35 1.3599059237077325e-26
9 36 2.661459109076179e-26
9 37 5.299286153462771e-26
9 38 9.136491778477063e-26
9 39 1.410710256882378e-25
9 40 2.1324372711778675e-25
9 41 3.3678078480806624e-25
9 42 4.8203323945959225e-25
9 43 6.725270041827241e-25
9 44 9.863529157087868e-25
9 45 1.41297096250472e-24
9 46 2.2721560606479454e-24
9 47 3.62757952435633e-24
9 48 6.078389188357041e-24
9 49 9.61542137371511e-24
9 50 1.5405348321471123e-23
9 51 2.316562260159569e-23
9 52 3.539429366117871e-23
9 53 5.38866272289091e-23
9 54 8.175229432985965e-23
9 55 1.1528692742248445e-22
9 56 1.6151480872942164e-22
9 57 2.1784648968152014e-22
9 58 2.9288451875757884e-22
9 59 3.7275351298518645e-22
9 60 5.018520317150767e-22
9 61 6.503962200621579e-22
9 62 8.402026758593443e-22
9 63 9.616369038204452e-22
10 0 1.1224299389835734e-21
10 1 6.347417549052877e-22
10 2 5.586913335364926e-22
10 3 4.300153438014853e-22
10 4 3.368694222413041e-22
10 5 2.5215804650582096e-22
10 6 1.9977698654298068e-22
10 7 1.496785782657282e-22
10 8 1.124985837066603e-22
10 9 8.175229432985965e-23
10 10 5.945753173663926e-23
10 11 3.9834022474700615e-23
10 12 2.6392804952997628e-23
10 13 1.73178398448712e-23
10 14 1.1452709079156781e-23
10 15 7.119378128427527e-24
10 16 4.462431419258458e-24
10 17 2.6639982623685645e-24
10 18 1.6826525849035423e-24
10 19 1.053256946167298e-24
10 20 7.352006533605241e-25
10 21 4.976136963665631e-25
10 22 3.5597171283308963e-25
10 23 2.4620485513366873e-25
10 24 1.5429305156188416e-25
10 25 9.961379788387119e-26
10 26 6.208862689128181e-26
10 27 3.500558009908734e-26
10 28 1.668348052281282e-26
10 29 7.532944158338534e-27
10 30 3.536093959018992e-27
10 31 1.4241064154322574e-27
10 32 1.7012368921533897e-27
10 33 1.4241064154322574e-27
10 34 3.536093959018992e-27
10 35 7.532944158338534e-27
10 36 1.668348052281282e-26
10 37 3.500558009908734e-26
10 38 6.208862689128181e-26
10 39 9.961379788387119e-26
10 40 1.5429305156188416e-25
10 41 2.4620485513366873e-25
10 42 3.5597171283308963e-25
10 43 4.976136963665631e-25
10 44 7.352006533605241e-25
10 45 1.053256946167298e-24
10 46 1.6826525849035423e-24
10 47 2.6639982623685645e-24
10 48 4.462431419258458e-24
10 49 7.119378128427527e-24
10 50 1.1452709079156781e-23
10 51 1.73178398448712e-23
10 52 2.6392804952997628e-23
10 53 3.9834022474700615e-23
10 54 5.945753173663926e-23
10 55 8.175229432985965e-23
10 56 1.124985837066603e-22
10 57 1.496785782657282e-22
10 58 1.9977698654298068e-22
10 59 2.5215804650582096e-22
10 60 3.3686942224130403e-22
10 61 4.300153438014855e-22
10 62 5.586913335364926e-22
10 63 6.347417549052877e-22
11 0 6.958327563397827e-22
11 1 3.929353619143008e-22
11 2 3.416866354313946e-22
11 3 2.6459733153069414e-22
11 4 2.1085287604383415e-22
11 5 1.597731655394237e-22
11 6 1.2809863838956572e-22
11 7 9.666857897880929e-23
11 8 7.327839554558196e-23
11 9 5.38866272289091e-23
11 10 3.9834022474700615e-23
11 11 2.739664484967936e-23
11 12 1.8385746226084078e-23
11 13 1.2177692065790347e-23
11 14 8.045631410701842e-24
11 15 5.003967806859022e-24
11 16 3.125482093488915e-24
11 17 1.8548177239813075e-24
11 18 1.1789958349138727e-24
11 19 7.348967898107296e-25
11 20 5.138891438911192e-25
11 21 3.4473169541780348e-25
11 22 2.476305747738303e-25
11 23 1.707185678376986e-25
11 24 1.0678713140389441e-25
11 25 6.863477447646309e-26
11 26 4.266561564144369e-26
11 27 2.4678814752187292e-26
11 28 1.2212161626368731e-26
11 29 5.7484782175838246e-27
11 30 3.0156951985638396e-27
11 31 1.5661076110383654e-27
11 32 1.9561058722360726e-27
11 33 1.5661076110383654e-27
11 34 3.0156951985638396e-27
11 35 5.7484782175838246e-27
11 36 1.2212161626368731e-26
11 37 2.4678814752187292e-26
11 38 4.266561564144369e-26
11 39 6.863477447646309e-26
11 40 1.0678713140389441e-25
11 41 1.707185678376986e-25
11 42 2.476305747738303e-25
11 43 3.4473169541780348e-25
11 44 5.138891438911192e-25
11 45 7.348967898107296e-25
11 46 1.1789958349138727e-24
11 47 1.8548177239813075e-24
11 48 3.125482093488915e-24
11 49 5.003967806859022e-24
11 50 8.045631410701842e-24
11 51 1.2177692065790347e-23
11 52 1.8385746226084078e-23
11 53 2.739664484967936e-23
11 54 3.9834022474700615e-23
11 55 5.38866272289091e-23
11 56 7.327839554558196e-23
11 57 9.666857897880929e-23
11 58 1.2809863838956572e-22
11 59 1.597731655394237e-22
11 60 2.108528760438342e-22
11 61 2.645973315306942e-22
11 62 3.4168663543139465e-22
11 63 3.929353619143006e-22
12 0 4.0562160922167084e-22
12 1 2.2503773649073037e-22
12 2 2.0443459416889393e-22
12 3 1.6126913326278032e-22
12 4 1.3355984712477846e-22
12 5 1.0191160690511602e-22
12 6 8.303782149967674e-23
12 7 6.27341096389349e-23
12 8 4.7837022210011477e-23
12 9 3.539429366117871e-23
12 10 2.6392804952997628e-23
12 11 1.8385746226084078e-23
12 12 1.2781267294062541e-23
12 13 8.613225690571579e-24
12 14 5.7369962793588324e-24
12 15 3.59512213953675e-24
12 16 2.2594637246420413e-24
12 17 1.3569869905439907e-24
12 18 8.654957093272037e-25
12 19 5.428859671633188e-25
12 20 3.7915749404019463e-25
12 21 2.528196472359431e-25
12 22 1.8202968109061324e-25
12 23 1.255619903583939e-25
12 24 7.913729767045629e-26
12 25 5.236837202445475e-26
12 26 3.4345902099400427e-26
12 27 2.2192973556420716e-26
12 28 1.3306851404449465e-26
12 29 8.142372707370261e-27
12 30 5.573390731029297e-27
12 31 4.015806901730073e-27
12 32 4.030079023225029e-27
12 33 4.015806901730073e-27
12 34 5.573390731029297e-27
12 35 8.142372707370261e-27
12 36 1.3306851404449465e-26
12 37 2.2192973556420716e-26
12 38 3.4345902099400427e-26
12 39 5.236837202445475e-26
12 40 7.913729767045629e-26
12 41 1.255619903583939e-25
12 42 1.8202968109061324e-25
12 43 2.528196472359431e-25
12 44 3.7915749404019463e-25
12 45 5.428859671633188e-25
12 46 8.654957093272037e-25
12 47 1.3569869905439907e-24
12 48 2.2594637246420413e-24
12 49 3.59512213953675e-24
12 50 5.7369962793588324e-24
12 51 8.613225690571579e-24
12 52 1.2781267294062541e-23
12 53 1.8385746226084078e-23
12 54 2.6392804952997628e-23
12 55 3.539429366117871e-23
12 56 4.7837022210011477e-23
12 57 6.27341096389349e-23
12 58 8.303782149967674e-23
12 59 1.0191160690511602e-22
12 60 1.3355984712477846e-22
12 61 1.6126913326278023e-22
12 62 2.0443459416889398e-22
12 63 2.2503773649073037e-22
13 0 2.542270981797098e-22
13 1 1.396481893116506e-22
13 2 1.2910692904371055e-22
13 3 1.0327353781672611e-22
13 4 8.710013191070743e-23
13 5 6.667729200166116e-23
13 6 5.474981864244356e-23
13 7 4.127769698228389e-23
13 8 3.1318612624691786e-23
13 9 2.316562260159569e-23
13 10 1.73178398448712e-23
13 11 1.2177692065790347e-23
13 12 8.613225690571579e-24
13 13 6.006909239699998e-24
13 14 4.078098213256753e-24
13 15 2.6115427421141273e-24
13 16 1.6750471612702846e-24
13 17 1.0282633735260857e-24
13 18 6.616345562986274e-25
13 19 4.215297692600867e-25
13 20 2.943551982025946e-25
13 21 1.961835424684411e-25
13 22 1.3892935718674575e-25
13 23 9.601579958584112e-26
13 24 6.099139169297641e-26
13 25 4.0501172315991673e-26
13 26 2.6999882090759687e-26
13 27 1.8183314369999447e-26
13 28 1.2089519672464144e-26
13 29 8.108225735888982e-27
13 30 6.097800092737685e-27
13 31 4.658889198799204e-27
13 32 4.7350946556054325e-27
13 33 4.658889198799204e-27
13 34 6.097800092737685e-27
13 35 8.108225735888982e-27
13 36 1.2089519672464144e-26
13 37 1.8183314369999447e-26
13 38 2.6999882090759687e-26
13 39 4.0501172315991673e-26
13 40 6.099139169297641e-26
13 41 9.601579958584112e-26
13 42 1.3892935718674575e-25
13 43 1.961835424684411e-25
13 44 2.943551982025946e-25
13 45 4.215297692600867e-25
13 46 6.616345562986274e-25
13 47 1.0282633735260857e-24
13 48 1.6750471612702846e-24
13 49 2.6115427421141273e-24
13 50 4.078098213256753e-24
13 51 6.006909239699998e-24
13 52 8.613225690571579e-24
13 53 1.2177692065790347e-23
13 54 1.73178398448712e-23
13 55 2.316562260159569e-23
13 56 3.1318612624691786e-23
13 57 4.127769698228389e-23
13 58 5.474981864244356e-23
13 59 6.667729200166116e-23
13 60 8.71001319107074e-23
13 61 1.0327353781672613e-22
13 62 1.2910692904371055e-22
13 63 1.3964818931165068e-22
14 0 1.6477145867031096e-22
14 1 8.912359123423012e-23
14 2 8.296858899907408e-23
14 3 6.66405279937883e-23
14 4 5.70129647270748e-23
14 5 4.349325978665824e-23
14 6 3.6134311479106404e-23
14 7 2.75378102829104e-23
14 8 2.0873811205902587e-23
14 9 1.5405348321471123e-23
14 10 1.1452709079156781e-23
14 11 8.045631410701842e-24
14 12 5.7369962793588324e-24
14 13 4.078098213256753e-24
14 14 2.8677747658672512e-24
14 15 1.8974381276629043e-24
14 16 1.2514281527035069e-24
14 17 7.896284766628448e-25
14 18 5.131455363006685e-25
14 19 3.3148936598618267e-25
14 20 2.3018171056614544e-25
14 21 1.5209521498487793e-25
14 22 1.0703070395572729e-25
14 23 7.405136397850675e-26
14 24 4.744551075326142e-26
14 25 3.154790588488944e-26
14 26 2.107577183323213e-26
14 27 1.4178183605838412e-26
14 28 9.738401820813918e-27
14 29 6.711007091866575e-27
14 30 5.1064502810110875e-27
14 31 3.9076724139111966e-27
14 32 4.0680456423576355e-27
14 33 3.9076724139111966e-27
14 34 5.1064502810110875e-27
14 35 6.711007091866575e-27
14 36 9.738401820813918e-27
14 37 1.4178183605838412e-26
14 38 2.107577183323213e-26
14 39 3.154790588488944e-26
14 40 4.744551075326142e-26
14 41 7.405136397850675e-26
14 42 1.0703070395572729e-25
14 43 1.5209521498487793e-25
14 44 2.3018171056614544e-25
14 45 3.3148936598618267e-25
14 46 5.131455363006685e-25
14 47 7.896284766628448e-25
14 48 1.2514281527035069e-24
14 49 1.8974381276629043e-24
14 50 2.8677747658672512e-24
14 51 4.078098213256753e-24
14 52 5.7369962793588324e-24
14 53 8.045631410701842e-24
14 54 1.1452709079156781e-23
14 55 1.5405348321471123e-23
14 56 2.0873811205902587e-23
14 57 2.75378102829104e-23
14 58 3.6134311479106404e-23
14 59 4.349325978665824e-23
14 60 5.701296472707483e-23
14 61 6.664052799378826e-23
14 62 8.296858899907407e-23
14 63 8.912359123423011e-23
15 0 1.0030950239288521e-22
15 1 5.42904378945727e-23
15 2 5.081416506566802e-23
15 3 4.129342902240073e-23
15 4 3.514713872950095e-23
15 5 2.665732207227587e-23
15 6 2.229061967140748e-23
15 7 1.7125423954231356e-23
15 8 1.3013898796211685e-23
15 9 9.61542137371511e-24
15 10 7.119378128427527e-24
15 11 5.003967806859022e-24
15 12 3.59512213953675e-24
15 13 2.6115427421141273e-24
15 14 1.8974381276629043e-24
15 15 1.322513883736913e-24
15 16 9.038242741460489e-25
15 17 5.920506679425202e-25
15 18 3.910044409811183e-25
15 19 2.563182879609438e-25
15 20 1.766264099946471e-25
15 21 1.1503374243020205e-25
15 22 7.890059796237232e-26
15 23 5.367718634048488e-26
15 24 3.3964029382228776e-26
15 25 2.2256414162545642e-26
15 26 1.4535977035011976e-26
15 27 9.499572899993259e-27
15 28 6.4602874487342016e-27
15 29 4.3225838086967555e-27
15 30 3.0660922901903948e-27
15 31 2.133650095004587e-27
15 32 2.282554261735676e-27
15 33 2.133650095004587e-27
15 34 3.0660922901903948e-27
15 35 4.3225838086967555e-27
15 36 6.4602874487342016e-27
15 37 9.499572899993259e-27
15 38 1.4535977035011976e-26
15 39 2.2256414162545642e-26
15 40 3.3964029382228776e-26
15 41 5.367718634048488e-26
15 42 7.890059796237232e-26
15 43 1.1503374243020205e-25
15 44 1.766264099946471e-25
15 45 2.563182879609438e-25
15 46 3.910044409811183e-25
15 47 5.920506679425202e-25
15 48 9.038242741460489e-25
15 49 1.322513883736913e-24
15 50 1.8974381276629043e-24
15 51 2.6115427421141273e-24
15 52 3.59512213953675e-24
15 53 5.003967806859022e-24
15 54 7.119378128427527e-24
15 55 9.61542137371511e-24
15 56 1.3013898796211685e-23
15 57 1.7125423954231356e-23
15 58 2.229061967140748e-23
15 59 2.665732207227587e-23
15 60 3.5147138729500946e-23
15 61 4.129342902240071e-23
15 62 5.081416506566802e-23
15 63 5.42904378945727e-23
16 0 6.047326653011568e-23
16 1 3.1901729022497465e-23
16 2 3.0901091047001415e-23
16 3 2.5888866762877183e-23
16 4 2.185681298917649e-23
16 5 1.6744438724904153e-23
16 6 1.4115701859872507e-23
16 7 1.089813944364704e-23
16 8 8.26117331075903e-24
16 9 6.078389188357041e-24
16 10 4.462431419258458e-24
16 11 3.125482093488915e-24
16 12 2.2594637246420413e-24
16 13 1.6750471612702846e-24
16 14 1.2514281527035069e-24
16 15 9.038242741460489e-25
16 16 6.42493963445089e-25
16 17 4.33339111130937e-25
16 18 2.876093339415683e-25
16 19 1.9061826800100463e-25
16 20 1.3159321140231896e-25
16 21 8.590685672941992e-26
16 22 5.850134751185181e-26
16 23 3.966610862003526e-26
16 24 2.5197338080451615e-26
16 25 1.6550825678080125e-26
16 26 1.0887137685251449e-26
16 27 7.10085918140721e-27
16 28 4.945240953954639e-27
16 29 3.351677935730498e-27
16 30 2.3299739383846524e-27
16 31 1.582804446967089e-27
16 32 1.6756075160729697e-27
16 33 1.582804446967089e-27
16 34 2.3299739383846524e-27
16 35 3.351677935730498e-27
16 36 4.945240953954639e-27
16 37 7.10085918140721e-27
16 38 1.0887137685251449e-26
16 39 1.6550825678080125e-26
16 40 2.5197338080451615e-26
16 41 3.966610862003526e-26
16 42 5.850134751185181e-26
16 43 8.590685672941992e-26
16 44 1.3159321140231896e-25
16 45 1.9061826800100463e-25
16 46 2.876093339415683e-25
16 47 4.33339111130937e-25
16 48 6.42493963445089e-25
16 49 9.038242741460489e-25
16 50 1.2514281527035069e-24
16 51 1.6750471612702846e-24
16 52 2.2594637246420413e-24
16 53 3.125482093488915e-24
16 54 4.462431419258458e-24
16 55 6.078389188357041e-24
16 56 8.26117331075903e-24
16 57 1.089813944364704e-23
16 58 1.4115701859872507e-23
16 59 1.6744438724904153e-23
16 60 2.185681298917649e-23
16 61 2.5888866762877183e-23
16 62 3.0901091047001415e-23
16 63 3.1901729022497465e-23
17 0 3.2343032343506614e-23
17 1 1.7317443326613176e-23
17 2 1.7935905319370028e-23
17 3 1.536531280266531e-23
17 4 1.2608527788015876e-23
17 5 9.8486982141508e-24
17 6 8.33834006199965e-24
17 7 6.494505974794925e-24
17 8 4.9132350317987096e-24
17 9 3.62757952435633e-24
17 10 2.6639982623685645e-24
17 11 1.8548177239813075e-24
17 12 1.3569869905439907e-24
17 13 1.0282633735260857e-24
17 14 7.896284766628448e-25
17 15 5.920506679425202e-25
17 16 4.33339111130937e-25
17 17 3.07941472517546e-25
17 18 2.082061063670016e-25
17 19 1.4103220467223384e-25
17 20 9.703331916286747e-26
17 21 6.29330199103628e-26
17 22 4.2212999059877623e-26
17 23 2.819556457020197e-26
17 24 1.789064981452712e-26
17 25 1.1815879958464597e-26
17 26 7.801267905701537e-27
17 27 5.145294544919691e-27
17 28 3.669088641120579e-27
17 29 2.509268972959863e-27
17 30 1.732048540600504e-27
17 31 1.1615405279115835e-27
17 32 1.2301270329397993e-27
17 33 1.1615405279115835e-27
17 34 1.732048540600504e-27
17 35 2.509268972959863e-27
17 36 3.669088641120579e-27
17 37 5.145294544919691e-27
17 38 7.801267905701537e-27
17 39 1.1815879958464597e-26
17 40 1.789064981452712e-26
17 41 2.819556457020197e-26
17 42 4.2212999059877623e-26
17 43 6.29330199103628e-26
17 44 9.703331916286747e-26
17 45 1.4103220467223384e-25
17 46 2.082061063670016e-25
17 47 3.07941472517546e-25
17 48 4.33339111130937e-25
17 49 5.920506679425202e-25
17 50 7.896284766628448e-25
17 51 1.0282633735260857e-24
17 52 1.3569869905439907e-24
17 53 1.8548177239813075e-24
17 54 2.6639982623685645e-24
17 55 3.62757952435633e-24
17 56 4.9132350317987096e-24
17 57 6.494505974794925e-24
17 58 8.33834006199965e-24
17 59 9.8486982141508e-24
17 60 1.2608527788015876e-23
17 61 1.536531280266531e-23
17 62 1.7935905319370028e-23
17 63 1.7317443326613176e-23
18 0 1.672379000082269e-23
18 1 1.0601506269485832e-23
18 2 1.0414248274721377e-23
18 3 9.139905009068977e-24
18 4 7.472161011511615e-24
18 5 6.0228689992610425e-24
18 6 5.101142075110919e-24
18 7 4.049404510044868e-24
18 8 3.0728337572261828e-24
18 9 2.2721560606479454e-24
18 10 1.6826525849035423e-24
18 11 1.1789958349138727e-24
18 12 8.654957093272037e-25
18 13 6.616345562986274e-25
18 14 5.131455363006685e-25
18 15 3.910044409811183e-25
18 16 2.876093339415683e-25
18 17 2.082061063670016e-25
18 18 1.4604235891460066e-25
18 19 1.0232852401572886e-25
18 20 7.142287236335128e-26
18 21 4.6783207565427075e-26
18 22 3.148928095419613e-26
18 23 2.0918077363638752e-26
18 24 1.3325737824652074e-26
18 25 8.769503932132147e-27
18 26 5.80018296930258e-27
18 27 3.827550585492157e-27
18 28 2.6996563956897224e-27
18 29 1.7531557299233968e-27
18 30 1.1279666284954366e-27
18 31 6.54384630100273e-28
18 32 6.948245995042858e-28
18 33 6.54384630100273e-28
18 34 1.1279666284954366e-27
18 35 1.7531557299233968e-27
18 36 2.6996563956897224e-27
18 37 3.827550585492157e-27
18 38 5.80018296930258e-27
18 39 8.769503932132147e-27
18 40 1.3325737824652074e-26
18 41 2.0918077363638752e-26
18 42 3.148928095419613e-26
18 43 4.6783207565427075e-26
18 44 7.142287236335128e-26
18 45 1.0232852401572886e-25
18 46 1.4604235891460066e-25
18 47 2.082061063670016e-25
18 48 2.876093339415683e-25
18 49 3.910044409811183e-25
18 50 5.131455363006685e-25
18 51 6.616345562986274e-25
18 52 8.654957093272037e-25
18 53 1.1789958349138727e-24
18 54 1.6826525849035423e-24
18 55 2.2721560606479454e-24
18 56 3.0728337572261828e-24
18 57 4.049404510044868e-24
18 58 5.101142075110919e-24
18 59 6.0228689992610425e-24
18 60 7.472161011511616e-24
18 61 9.139905009068971e-24
18 62 1.0414248274721374e-23
18 63 1.0601506269485835e-23
19 0 6.695308571744804e-24
19 1 4.613823452176924e-24
19 2 5.472223533033898e-24
19 3 4.9001219504755514e-24
19 4 3.9450950065256974e-24
19 5 3.434071015979418e-24
19 6 3.0030010531963037e-24
19 7 2.4918352426193823e-24
19 8 1.9022937912352593e-24
19 9 1.41297096250472e-24
19 10 1.053256946167298e-24
19 11 7.348967898107296e-25
19 12 5.428859671633188e-25
19 13 4.215297692600867e-25
19 14 3.3148936598618267e-25
19 15 2.563182879609438e-25
19 16 1.9061826800100463e-25
19 17 1.4103220467223384e-25
19 18 1.0232852401572886e-25
19 19 7.653808436995659e-26
19 20 5.499277592249366e-26
19 21 3.74556884575043e-26
19 22 2.5958327517302047e-26
19 23 1.7543528983586243e-26
19 24 1.1649721889023821e-26
19 25 7.894047360852074e-27
19 26 5.471502562858684e-27
19 27 3.778531689391536e-27
19 28 2.7411729889864473e-27
19 29 1.8270788837063782e-27
19 30 1.2467012420625513e-27
19 31 8.018256569681577e-28
19 32 7.992391622106625e-28
19 33 8.018256569681577e-28
19 34 1.2467012420625513e-27
19 35 1.8270788837063782e-27
19 36 2.7411729889864473e-27
19 37 3.778531689391536e-27
19 38 5.471502562858684e-27
19 39 7.894047360852074e-27
19 40 1.1649721889023821e-26
19 41 1.7543528983586243e-26
19 42 2.5958327517302047e-26
19 43 3.74556884575043e-26
19 44 5.499277592249366e-26
19 45 7.653808436995659e-26
19 46 1.0232852401572886e-25
19 47 1.4103220467223384e-25
19 48 1.9061826800100463e-25
19 49 2.563182879609438e-25
19 50 3.3148936598618267e-25
19 51 4.215297692600867e-25
19 52 5.428859671633188e-25
19 53 7.348967898107296e-25
19 54 1.053256946167298e-24
19 55 1.41297096250472e-24
19 56 1.9022937912352593e-24
19 57 2.4918352426193823e-24
19 58 3.0030010531963037e-24
19 59 3.434071015979418e-24
19 60 3.9450950065256974e-24
19 61 4.9001219504755514e-24
19 62 5.472223533033898e-24
19 63 4.6138234521769224e-24
20 0 4.497018009445118e-24
20 1 2.6202872160594922e-24
20 2 3.846013079785144e-24
20 3 3.553024748125905e-24
20 4 2.8736587795651552e-24
20 5 2.5075612024400812e-24
20 6 2.146819987730547e-24
20 7 1.7598543152947796e-24
20 8 1.325606359852531e-24
20 9 9.863529157087868e-25
20 10 7.352006533605241e-25
20 11 5.138891438911192e-25
20 12 3.7915749404019463e-25
20 13 2.943551982025946e-25
20 14 2.3018171056614544e-25
20 15 1.766264099946471e-25
20 16 1.3159321140231896e-25
20 17 9.703331916286747e-26
20 18 7.142287236335128e-26
20 19 5.499277592249366e-26
20 20 4.10893656129302e-26
20 21 2.904788248615141e-26
20 22 2.0510103509665914e-26
20 23 1.3988792537953883e-26
20 24 9.398167799461512e-27
20 25 6.388831238238337e-27
20 26 4.518808760373384e-27
20 27 3.1339414109867714e-27
20 28 2.2595032178542585e-27
20 29 1.5070732491843054e-27
20 30 1.0437731765688594e-27
20 31 7.0302960988059975e-28
20 32 6.884360915002189e-28
20 33 7.0302960988059975e-28
20 34 1.0437731765688594e-27
20 35 1.5070732491843054e-27
20 36 2.2595032178542585e-27
20 37 3.1339414109867714e-27
20 38 4.518808760373384e-27
20 39 6.388831238238337e-27
20 40 9.398167799461512e-27
20 41 1.3988792537953883e-26
20 42 2.0510103509665914e-26
20 43 2.904788248615141e-26
20 44 4.10893656129302e-26
20 45 5.499277592249366e-26
20 46 7.142287236335128e-26
20 47 9.703331916286747e-26
20 48 1.3159321140231896e-25
20 49 1.766264099946471e-25
20 50 2.3018171056614544e-25
20 51 2.943551982025946e-25
20 52 3.7915749404019463e-25
20 53 5.138891438911192e-25
20 54 7.352006533605241e-25
20 55 9.863529157087868e-25
20 56 1.325606359852531e-24
20 57 1.7598543152947796e-24
20 58 2.146819987730547e-24
20 59 2.5075612024400812e-24
20 60 2.8736587795651552e-24
20 61 3.553024748125905e-24
20 62 3.846013079785144e-24
20 63 2.6202872160594922e-24
21 0 2.9764222152461228e-24
21 1 9.032606215662109e-25
21 2 2.6478586388580576e-24
21 3 2.4431244761302914e-24
21 4 1.9665949586001525e-24
21 5 1.7590242214408906e-24
21 6 1.4973262845516634e-24
21 7 1.2208134972988716e-24
21 8 9.119743964288613e-25
21 9 6.725270041827241e-25
21 10 4.976136963665631e-25
21 11 3.4473169541780348e-25
21 12 2.528196472359431e-25
21 13 1.961835424684411e-25
21 14 1.5209521498487793e-25
21 15 1.1503374243020205e-25
21 16 8.590685672941992e-26
21 17 6.29330199103628e-26
21 18 4.6783207565427075e-26
21 19 3.74556884575043e-26
21 20 2.904788248615141e-26
21 21 2.1780938879377605e-26
21 22 1.5835821604284963e-26
21 23 1.1041280416848028e-26
21 24 7.611155390120244e-27
21 25 5.276953262962701e-27
21 26 3.83518899328126e-27
21 27 2.7169324022635738e-27
21 28 1.9825298770350714e-27
21 29 1.3659549711138942e-27
21 30 1.0043894472229711e-27
21 31 7.467532429008289e-28
21 32 7.289549573322367e-28
21 33 7.467532429008289e-28
21 34 1.0043894472229711e-27
21 35 1.3659549711138942e-27
21 36 1.9825298770350714e-27
21 37 2.7169324022635738e-27
21 38 3.83518899328126e-27
21 39 5.276953262962701e-27
21 40 7.611155390120244e-27
21 41 1.1041280416848028e-26
21 42 1.5835821604284963e-26
21 43 2.1780938879377605e-26
21 44 2.904788248615141e-26
21 45 3.74556884575043e-26
21 46 4.6783207565427075e-26
21 47 6.29330199103628e-26
21 48 8.590685672941992e-26
21 49 1.1503374243020205e-25
21 50 1.5209521498487793e-25
21 51 1.961835424684411e-25
21 52 2.528196472359431e-25
21 53 3.4473169541780348e-25
21 54 4.976136963665631e-25
21 55 6.725270041827241e-25
21 56 9.119743964288613e-25
21 57 1.2208134972988716e-24
21 58 1.4973262845516634e-24
21 59 1.7590242214408906e-24
21 60 1.9665949586001525e-24
21 61 2.4431244761302914e-24
21 62 2.6478586388580576e-24
21 63 9.032606215662098e-25
22 0 2.2843828806059868e-24
22 1 2.2085634910065585e-25
22 2 1.9177909986349594e-24
22 3 1.5934763756288528e-24
22 4 1.3178296822970279e-24
22 5 1.1843578786237911e-24
22 6 1.0285791874695512e-24
22 7 8.529009085932102e-25
22 8 6.56414770402458e-25
22 9 4.8203323945959225e-25
22 10 3.5597171283308963e-25
22 11 2.476305747738303e-25
22 12 1.8202968109061324e-25
22 13 1.3892935718674575e-25
22 14 1.0703070395572729e-25
22 15 7.890059796237232e-26
22 16 5.850134751185181e-26
22 17 4.2212999059877623e-26
22 18 3.148928095419613e-26
22 19 2.5958327517302047e-26
22 20 2.0510103509665914e-26
22 21 1.5835821604284963e-26
22 22 1.2177710089904357e-26
22 23 8.768840207783106e-27
22 24 6.270653753777877e-27
22 25 4.4658876064279735e-27
22 26 3.3259114194952105e-27
22 27 2.4049132417093687e-27
